Using input file: inputs/HT02.csv
1
2
3
4
5
la
14 11 9 3 4 1 5 2 12 8 6 16 15 7 10 17 13  | 22 | 90.9091%
1
1
1
16 3 4 1 12 17 2 5 14 11 8 15 9 6 13 7 10  | 22 | 90.9091%
2
16 3 12 4 2 7 5 10 15 6 17 1 11 13 14 8 9  | 22 | 90.9091%
3
3
3
3
1 14 5 9 6 13 12 8 10 16 11 15 3 2 7 4 17  | 22 | 90.9091%
4
4
1 14 5 9 6 13 12 8 10 16 11 15 3 2 7 4 17  | 22 | 90.9091%
5
9 7 17 5 10 16 11 12 2 8 15 4 3 6 13 1 14  | 22 | 90.9091%
6
6
1 14 5 9 6 13 12 8 10 16 11 15 3 2 7 4 17  | 22 | 90.9091%
7
2 3 16 4 11 12 15 1 6 9 5 8 7 17 10 14 13  | 22 | 90.9091%
8
8
16 10 5 6 12 2 14 3 4 13 11 15 1 17 9 7 8  | 22 | 90.9091%
9
9
2 3 6 5 7 10 11 8 12 14 16 9 13 15 17 4 1  | 22 | 90.9091%
10
2 3 6 5 7 10 11 8 12 14 16 9 13 15 17 4 1  | 22 | 90.9091%
11
4 2 9 10 6 14 16 5 13 12 3 8 1 17 15 11 7  | 22 | 90.9091%
12
5 3 1 4 8 11 17 2 9 10 16 7 12 15 14 6 13  | 22 | 90.9091%
5 3 1 4 8 11 17 2 9 10 16 7 12 15 14 6 13  | 22 | 90.9091%
14
14
14
12 11 16 5 13 8 3 17 4 9 7 15 6 10 2 14 1  | 22 | 90.9091%
15
15
10 15 5 8 3 7 11 4 9 14 12 13 17 2 1 6 16  | 22 | 90.9091%
16
9 1 14 10 15 12 11 5 3 17 4 16 8 13 7 6 2  | 22 | 90.9091%
17
17
9 4 14 17 15 5 12 3 1 2 16 13 10 7 11 8 6  | 22 | 90.9091%
18
18
9 4 14 17 15 5 12 3 1 2 16 13 10 7 11 8 6  | 22 | 90.9091%
19
19
19
1 14 13 6 7 11 4 17 9 10 12 16 5 3 2 8 15  | 22 | 90.9091%
20
20
20
3 9 1 11 5 16 4 12 7 14 15 13 10 2 8 17 6  | 22 | 90.9091%
21
21
10 1 7 17 5 3 12 14 11 16 2 6 9 8 13 4 15  | 22 | 90.9091%
22
12 7 10 17 2 15 16 14 6 5 9 8 1 11 13 4 3  | 22 | 90.9091%
23
3 13 8 9 5 11 15 12 14 1 16 6 2 7 17 4 10  | 22 | 90.9091%
3 13 8 9 5 11 15 12 14 1 16 6 2 7 17 4 10  | 22 | 90.9091%
25
13 14 11 8 12 16 4 3 10 17 5 15 6 2 7 9 1  | 22 | 90.9091%
26
26
13 14 11 8 12 16 4 3 10 17 5 15 6 2 7 9 1  | 22 | 90.9091%
27
5 13 15 14 3 16 8 9 12 11 4 2 1 17 7 10 6  | 22 | 90.9091%
28
28
28
28
6 12 15 4 14 2 1 3 10 17 9 16 13 7 8 5 11  | 22 | 90.9091%
29
29
29
5 13 15 14 3 16 8 9 12 11 4 2 1 17 7 10 6  | 22 | 90.9091%
30
30
5 13 15 14 3 16 8 9 12 11 4 2 1 17 7 10 6  | 22 | 90.9091%
31
5 13 15 14 3 16 8 9 12 11 4 2 1 17 7 10 6  | 22 | 90.9091%
5 13 15 14 3 16 8 9 12 11 4 2 1 17 7 10 6  | 22 | 90.9091%
5 13 15 14 3 16 8 9 12 11 4 2 1 17 7 10 6  | 22 | 90.9091%
5 13 15 14 3 16 8 9 12 11 4 2 1 17 7 10 6  | 22 | 90.9091%
35
35
35
35
12 15 3 4 2 1 14 10 17 9 8 7 5 11 13 16 6  | 22 | 90.9091%
36
36
7 11 4 3 13 16 1 2 12 6 9 17 8 5 14 10 15  | 22 | 90.9091%
37
37
4 3 13 16 12 2 1 6 5 9 8 10 14 15 17 7 11  | 22 | 90.9091%
38
4 3 13 16 12 2 1 6 5 9 8 10 14 15 17 7 11  | 22 | 90.9091%
39
39
4 3 13 16 12 2 1 6 5 9 8 10 14 15 17 7 11  | 22 | 90.9091%
40
40
40
9 17 11 14 16 7 13 2 12 6 3 1 15 10 5 8 4  | 22 | 90.9091%
41
6 16 5 17 11 15 12 8 14 13 10 9 3 4 7 1 2  | 22 | 90.9091%
42
6 16 5 17 11 15 12 8 14 13 10 9 3 4 7 1 2  | 22 | 90.9091%
43
43
43
43
9 16 3 8 11 13 5 7 4 1 12 10 15 14 6 17 2  | 22 | 90.9091%
44
44
17 1 6 5 14 3 12 9 10 2 13 4 16 15 7 8 11  | 22 | 90.9091%
45
45
4 2 9 5 7 12 10 15 13 14 17 16 1 6 3 8 11  | 22 | 90.9091%
46
46
9 5 15 2 4 3 17 14 6 12 8 13 16 1 10 7 11  | 21 | 95.2381%
47
47
9 5 15 2 4 3 17 14 6 12 8 13 16 1 10 7 11  | 21 | 95.2381%
48
48
48
9 5 15 2 4 3 17 14 6 12 8 13 16 1 10 7 11  | 21 | 95.2381%
49
49
49
9 5 15 2 4 3 17 14 6 12 8 13 16 1 10 7 11  | 21 | 95.2381%
50
50
9 5 15 2 4 3 17 14 6 12 8 13 16 1 10 7 11  | 21 | 95.2381%
9 5 15 2 4 3 17 14 6 12 8 13 16 1 10 7 11  | 21 | 95.2381%
52
9 5 15 2 4 3 17 14 6 12 8 13 16 1 10 7 11  | 21 | 95.2381%
53
53
9 5 15 2 4 3 17 14 6 12 8 13 16 1 10 7 11  | 21 | 95.2381%
54
54
9 5 15 2 4 3 17 14 6 12 8 13 16 1 10 7 11  | 21 | 95.2381%
9 5 15 2 4 3 17 14 6 12 8 13 16 1 10 7 11  | 21 | 95.2381%
9 5 15 2 4 3 17 14 6 12 8 13 16 1 10 7 11  | 21 | 95.2381%
57
9 5 15 2 4 3 17 14 6 12 8 13 16 1 10 7 11  | 21 | 95.2381%
58
9 5 15 2 4 3 17 14 6 12 8 13 16 1 10 7 11  | 21 | 95.2381%
59
9 5 15 2 4 3 17 14 6 12 8 13 16 1 10 7 11  | 21 | 95.2381%
60
60
9 5 15 2 4 3 17 14 6 12 8 13 16 1 10 7 11  | 21 | 95.2381%
61
9 5 15 2 4 3 17 14 6 12 8 13 16 1 10 7 11  | 21 | 95.2381%
62
62
62
9 5 15 2 4 3 17 14 6 12 8 13 16 1 10 7 11  | 21 | 95.2381%
63
63
63
63
63
63
16 10 2 5 17 7 8 12 15 11 4 3 6 13 1 9 14  | 21 | 95.2381%
64
16 10 2 5 17 7 8 12 15 11 4 3 6 13 1 9 14  | 21 | 95.2381%
16 10 2 5 17 7 8 12 15 11 4 3 6 13 1 9 14  | 21 | 95.2381%
66
66
66
16 10 2 5 17 7 8 12 15 11 4 3 6 13 1 9 14  | 21 | 95.2381%
67
67
9 5 15 2 4 3 17 14 6 12 8 13 16 1 10 7 11  | 21 | 95.2381%
68
68
68
9 5 15 2 4 3 17 14 6 12 8 13 16 1 10 7 11  | 21 | 95.2381%
69
9 5 15 2 4 3 17 14 6 12 8 13 16 1 10 7 11  | 21 | 95.2381%
70
70
9 5 15 2 4 3 17 14 6 12 8 13 16 1 10 7 11  | 21 | 95.2381%
71
71
9 5 15 2 4 3 17 14 6 12 8 13 16 1 10 7 11  | 21 | 95.2381%
72
72
72
9 5 15 2 4 3 17 14 6 12 8 13 16 1 10 7 11  | 21 | 95.2381%
73
16 10 2 5 17 7 8 12 15 11 4 3 6 13 1 9 14  | 21 | 95.2381%
74
74
74
16 10 2 5 17 7 8 12 15 11 4 3 6 13 1 9 14  | 21 | 95.2381%
75
75
9 5 15 2 4 3 17 14 6 12 8 13 16 1 10 7 11  | 21 | 95.2381%
76
76
16 10 2 5 17 7 8 12 15 11 4 3 6 13 1 9 14  | 21 | 95.2381%
77
77
9 5 15 2 4 3 17 14 6 12 8 13 16 1 10 7 11  | 21 | 95.2381%
78
78
78
9 5 15 2 4 3 17 14 6 12 8 13 16 1 10 7 11  | 21 | 95.2381%
79
79
3 15 14 6 11 7 13 8 1 9 10 12 16 5 2 4 17  | 21 | 95.2381%
80
80
16 10 2 5 17 7 8 12 15 11 4 3 6 13 1 9 14  | 21 | 95.2381%
81
16 10 2 5 17 7 8 12 15 11 4 3 6 13 1 9 14  | 21 | 95.2381%
82
3 15 14 6 11 7 13 8 1 9 10 12 16 5 2 4 17  | 21 | 95.2381%
83
83
16 10 2 5 17 7 8 12 15 11 4 3 6 13 1 9 14  | 21 | 95.2381%
84
84
9 5 15 2 4 3 17 14 6 12 8 13 16 1 10 7 11  | 21 | 95.2381%
85
85
85
16 10 2 5 17 7 8 12 15 11 4 3 6 13 1 9 14  | 21 | 95.2381%
86
3 15 14 6 11 7 13 8 1 9 10 12 16 5 2 4 17  | 21 | 95.2381%
87
87
87
9 5 15 2 4 3 17 14 6 12 8 13 16 1 10 7 11  | 21 | 95.2381%
88
88
88
9 5 15 2 4 3 17 14 6 12 8 13 16 1 10 7 11  | 21 | 95.2381%
9 5 15 2 4 3 17 14 6 12 8 13 16 1 10 7 11  | 21 | 95.2381%
90
3 15 14 6 11 7 13 8 1 9 10 12 16 5 2 4 17  | 21 | 95.2381%
3 15 14 6 11 7 13 8 1 9 10 12 16 5 2 4 17  | 21 | 95.2381%
92
92
16 10 2 5 17 7 8 12 15 11 4 3 6 13 1 9 14  | 21 | 95.2381%
93
16 10 2 5 17 7 8 12 15 11 4 3 6 13 1 9 14  | 21 | 95.2381%
94
94
3 15 14 6 11 7 13 8 1 9 10 12 16 5 2 4 17  | 21 | 95.2381%
3 15 14 6 11 7 13 8 1 9 10 12 16 5 2 4 17  | 21 | 95.2381%
3 15 14 6 11 7 13 8 1 9 10 12 16 5 2 4 17  | 21 | 95.2381%
97
97
3 15 14 6 11 7 13 8 1 9 10 12 16 5 2 4 17  | 21 | 95.2381%
98
98
3 15 14 6 11 7 13 8 1 9 10 12 16 5 2 4 17  | 21 | 95.2381%
99
99
3 15 14 6 11 7 13 8 1 9 10 12 16 5 2 4 17  | 21 | 95.2381%
3 15 14 6 11 7 13 8 1 9 10 12 16 5 2 4 17  | 21 | 95.2381%

real	0m2.827s
user	0m2.803s
sys	0m0.020s
Using input file: inputs/HT02.csv

real	0m2.989s
user	0m2.976s
sys	0m0.010s
