Using input file: inputs/HT03.csv
1
2
3
4
5
la
16 13 15 11 12 3 14 5 1 7 6 4 8 9 2 10  | 23 | 86.9565%
1
1
4 8 1 5 16 14 7 13 3 2 15 9 12 11 6 10  | 22 | 90.9091%
2
2
2
11 4 3 1 15 10 13 7 16 5 6 12 9 14 2 8  | 21 | 95.2381%
3
3
11 4 3 1 15 10 13 7 16 5 6 12 9 14 2 8  | 21 | 95.2381%
11 4 3 1 15 10 13 7 16 5 6 12 9 14 2 8  | 21 | 95.2381%
5
5
11 4 3 1 15 10 13 7 16 5 6 12 9 14 2 8  | 21 | 95.2381%
6
6
6
9 2 16 12 4 7 5 13 1 15 8 6 14 3 10 11  | 21 | 95.2381%
7
7
1 2 13 4 7 15 14 9 16 12 8 5 11 6 10 3  | 21 | 95.2381%
8
8
7 4 11 14 13 2 3 1 5 15 8 12 6 10 9 16  | 21 | 95.2381%
9
7 4 11 14 13 2 3 1 5 15 8 12 6 10 9 16  | 21 | 95.2381%
10
10
10
13 7 8 1 9 3 14 16 6 11 4 12 10 5 15 2  | 21 | 95.2381%
11
11
16 12 14 3 1 7 6 8 9 10 2 11 4 15 5 13  | 21 | 95.2381%
16 12 14 3 1 7 6 8 9 10 2 11 4 15 5 13  | 21 | 95.2381%
13
12 6 8 5 10 14 15 2 11 1 16 9 3 7 4 13  | 21 | 95.2381%
12 6 8 5 10 14 15 2 11 1 16 9 3 7 4 13  | 21 | 95.2381%
15
4 7 15 14 1 16 12 8 5 11 3 10 6 9 2 13  | 21 | 95.2381%
16
16
12 14 15 4 2 7 1 9 10 3 5 6 16 13 8 11  | 20 | 100%
12 14 15 4 2 7 1 9 10 3 5 6 16 13 8 11  | 20 | 100%

real	0m0.428s
user	0m0.427s
sys	0m0.000s
Using input file: inputs/HT03.csv

real	0m0.454s
user	0m0.447s
sys	0m0.003s
