Using input file: inputs/HT04.csv
1
2
3
4
5
la
10 17 1 12 5 7 9 6 19 21 13 18 14 20 15 3 24 2 23 11 25 16 22 4 8  | 16 | 93.75%
1
1
1
1
1 2 14 13 23 6 10 16 20 5 25 21 3 9 4 17 19 18 15 24 22 12 11 8 7  | 16 | 93.75%
2
2
4 17 8 7 11 2 14 13 23 6 10 16 9 12 21 22 1 20 5 15 18 25 19 3 24  | 16 | 93.75%
3
4 13 21 3 1 5 25 11 2 7 19 8 15 6 9 17 20 16 18 22 12 10 23 24 14  | 16 | 93.75%
4
4
4
4
4
19 9 11 6 22 4 5 24 10 1 13 16 2 14 17 21 12 15 3 8 7 18 20 23 25  | 16 | 93.75%
5
19 9 11 6 22 4 5 24 10 1 13 16 2 14 17 21 12 15 3 8 7 18 20 23 25  | 16 | 93.75%
6
9 21 7 2 11 13 24 14 4 12 23 5 6 16 25 10 15 19 18 17 20 8 22 3 1  | 16 | 93.75%
7
7
7
16 4 12 6 15 10 11 20 18 5 23 21 14 2 13 19 9 8 25 24 1 22 17 7 3  | 16 | 93.75%
8
8
8
8
8
4 12 6 11 19 7 2 5 9 10 20 8 18 22 14 15 17 23 25 24 13 21 3 1 16  | 16 | 93.75%
9
4 12 6 11 19 7 2 5 9 10 20 8 18 22 14 15 17 23 25 24 13 21 3 1 16  | 16 | 93.75%
10
10
9 10 21 6 20 8 18 22 12 15 17 23 25 4 13 16 3 1 5 24 14 2 11 19 7  | 16 | 93.75%
11
21 20 22 25 7 2 8 13 3 5 10 6 16 11 14 19 24 1 12 17 9 15 18 4 23  | 16 | 93.75%
21 20 22 25 7 2 8 13 3 5 10 6 16 11 14 19 24 1 12 17 9 15 18 4 23  | 16 | 93.75%
13
13
13
19 7 18 22 12 15 17 23 25 6 13 16 3 1 5 24 8 9 10 20 21 4 14 2 11  | 16 | 93.75%
14
14
21 14 10 23 9 11 25 19 22 12 8 2 5 7 4 6 24 16 13 15 17 18 20 1 3  | 16 | 93.75%
15
21 20 22 25 7 2 8 13 3 5 10 6 16 11 14 19 24 1 12 17 9 15 18 4 23  | 16 | 93.75%
16
16
12 16 10 9 7 24 3 22 8 11 1 25 5 4 14 21 23 17 2 20 6 18 19 15 13  | 16 | 93.75%
17
19 7 18 22 12 15 17 23 25 6 13 16 3 1 5 24 8 9 10 20 21 4 14 2 11  | 16 | 93.75%
18
20 18 23 17 25 2 3 22 5 21 4 24 6 19 15 7 1 8 12 9 10 11 16 13 14  | 16 | 93.75%
19
19
5 15 2 16 23 4 1 25 19 22 13 17 24 7 20 21 9 6 8 12 10 11 18 3 14  | 16 | 93.75%
20
16 11 15 14 1 7 22 4 25 19 8 17 20 21 5 6 9 13 10 3 24 2 18 23 12  | 16 | 93.75%
21
14 5 2 17 18 13 24 22 25 11 6 9 10 8 21 16 20 15 4 7 19 3 1 12 23  | 16 | 93.75%
22
22
22
13 24 12 2 8 9 3 5 10 4 16 6 14 7 19 1 11 20 18 21 22 25 23 17 15  | 16 | 93.75%
23
23
23
7 10 9 24 13 4 8 17 2 25 23 12 16 22 3 14 21 11 19 6 5 18 1 15 20  | 16 | 93.75%
24
24
24
7 10 9 24 13 4 8 17 2 25 23 12 16 22 3 14 21 11 19 6 5 18 1 15 20  | 16 | 93.75%
25
25
25
9 8 25 11 6 4 10 5 21 1 7 16 22 2 12 15 13 14 19 17 18 23 20 24 3  | 16 | 93.75%
9 8 25 11 6 4 10 5 21 1 7 16 22 2 12 15 13 14 19 17 18 23 20 24 3  | 16 | 93.75%
27
27
2 7 3 22 4 10 5 18 8 11 17 12 15 21 13 19 14 20 24 23 9 1 25 16 6  | 16 | 93.75%
28
14 11 4 24 3 5 6 21 15 12 9 17 16 19 18 22 25 13 20 10 23 1 2 8 7  | 16 | 93.75%
14 11 4 24 3 5 6 21 15 12 9 17 16 19 18 22 25 13 20 10 23 1 2 8 7  | 16 | 93.75%
14 11 4 24 3 5 6 21 15 12 9 17 16 19 18 22 25 13 20 10 23 1 2 8 7  | 16 | 93.75%
31
31
31
14 11 4 24 3 5 6 21 15 12 9 17 16 19 18 22 25 13 20 10 23 1 2 8 7  | 16 | 93.75%
32
3 15 6 21 7 18 14 25 9 5 23 12 16 2 8 1 17 20 4 13 10 11 19 22 24  | 16 | 93.75%
33
33
33
33
33
16 5 22 6 3 2 8 13 23 9 4 10 15 24 20 1 17 14 19 21 25 7 12 18 11  | 16 | 93.75%
34
34
10 5 15 1 7 16 22 2 18 9 13 20 17 23 19 8 12 25 21 14 11 4 24 6 3  | 16 | 93.75%
35
35
25 2 6 12 14 11 23 22 20 17 4 19 9 3 7 21 10 13 8 5 1 16 15 18 24  | 16 | 93.75%
36
36
36
17 11 16 12 22 9 25 7 10 14 15 18 21 13 23 3 20 8 2 4 5 6 24 19 1  | 16 | 93.75%
37
37
37
37
37
12 17 16 6 24 3 13 20 4 1 9 23 18 5 7 8 10 15 14 11 19 21 25 22 2  | 16 | 93.75%
38
38
12 17 16 6 24 3 13 20 4 1 9 23 18 5 7 8 10 15 14 11 19 21 25 22 2  | 16 | 93.75%
39
12 17 16 6 24 3 13 20 4 1 9 23 18 5 7 8 10 15 14 11 19 21 25 22 2  | 16 | 93.75%
40
40
9 17 19 5 13 14 6 10 23 12 1 2 4 7 20 8 15 18 25 16 24 21 22 3 11  | 16 | 93.75%
41
41
19 9 17 13 16 20 22 5 6 7 21 12 3 8 10 14 15 23 4 24 18 2 25 11 1  | 16 | 93.75%
42
42
10 8 1 4 25 9 5 6 16 24 19 11 7 17 22 20 18 23 3 15 13 21 12 2 14  | 16 | 93.75%
43
43
43
7 13 16 15 22 4 10 25 3 8 12 24 2 18 23 9 21 11 14 19 20 17 1 5 6  | 16 | 93.75%
44
44
7 13 16 15 22 4 10 25 3 8 12 24 2 18 23 9 21 11 14 19 20 17 1 5 6  | 16 | 93.75%
45
45
45
25 9 1 20 2 6 3 24 5 11 18 17 10 13 19 7 16 21 22 14 23 8 15 12 4  | 16 | 93.75%
46
46
25 9 1 20 2 6 3 24 5 11 18 17 10 13 19 7 16 21 22 14 23 8 15 12 4  | 16 | 93.75%
47
47
47
47
47
2 11 14 23 3 5 17 21 1 8 10 19 16 25 6 15 18 9 12 4 22 20 24 7 13  | 16 | 93.75%
48
48
48
6 16 15 4 10 8 17 9 25 5 23 21 3 24 22 19 7 2 1 14 18 11 13 20 12  | 16 | 93.75%
49
3 14 10 17 9 12 18 5 2 4 22 6 16 11 21 1 8 24 25 19 7 23 20 13 15  | 16 | 93.75%
50
50
10 4 17 9 25 1 19 24 14 21 22 3 7 12 13 16 11 20 23 2 18 6 5 15 8  | 16 | 93.75%
51
51
51
24 6 20 13 17 23 9 21 8 16 22 7 18 10 25 15 12 1 19 2 3 5 11 14 4  | 16 | 93.75%
52
10 4 17 9 25 1 19 24 14 21 22 3 7 12 13 16 11 20 23 2 18 6 5 15 8  | 16 | 93.75%
53
10 4 17 9 25 1 19 24 14 21 22 3 7 12 13 16 11 20 23 2 18 6 5 15 8  | 16 | 93.75%
54
54
21 8 24 9 1 2 16 18 3 12 7 14 25 17 13 19 22 23 20 15 4 10 11 6 5  | 16 | 93.75%
55
55
16 22 3 4 17 19 25 11 1 10 20 18 13 21 9 15 24 6 8 14 12 2 5 23 7  | 16 | 93.75%
56
56
56
10 15 25 9 16 21 5 14 20 22 12 19 7 24 3 4 23 17 2 11 18 13 6 8 1  | 16 | 93.75%
57
57
57
57
20 2 3 22 15 17 21 6 1 5 14 4 8 7 18 11 9 23 10 24 19 25 12 13 16  | 16 | 93.75%
58
58
58
58
2 11 10 9 8 12 16 4 6 25 21 5 17 7 14 18 20 22 24 19 23 13 1 15 3  | 16 | 93.75%
59
5 14 8 16 1 18 13 9 21 10 24 7 6 15 19 22 23 20 12 17 3 2 25 11 4  | 16 | 93.75%
60
60
11 1 4 10 7 24 3 5 21 17 8 12 23 6 19 9 18 22 16 25 13 15 14 2 20  | 16 | 93.75%
61
61
24 3 5 21 2 11 8 14 12 18 16 20 22 1 13 23 6 4 9 15 17 19 25 10 7  | 16 | 93.75%
62
62
1 21 2 11 8 5 9 18 16 20 22 10 4 6 13 12 15 23 19 25 17 24 7 14 3  | 16 | 93.75%
63
17 2 19 21 22 11 20 13 25 10 14 15 12 9 7 16 8 23 1 5 18 3 4 6 24  | 16 | 93.75%
64
64
64
64
64
18 6 19 22 1 5 4 23 12 9 17 2 7 25 20 24 8 14 13 3 21 15 11 10 16  | 16 | 93.75%
65
65
3 17 9 7 12 21 24 13 15 20 23 8 10 16 19 14 22 25 2 1 5 4 6 11 18  | 16 | 93.75%
66
66
8 1 2 14 20 23 19 5 10 13 16 17 3 7 6 21 12 22 24 9 25 15 18 4 11  | 16 | 93.75%
67
67
17 21 13 9 7 12 3 4 11 16 1 2 14 5 8 10 19 6 22 25 18 20 23 24 15  | 16 | 93.75%
68
7 24 12 9 20 16 22 8 10 21 17 2 11 18 1 13 6 5 14 3 25 19 23 15 4  | 16 | 93.75%
69
69
7 24 12 9 20 16 22 8 10 21 17 2 11 18 1 13 6 5 14 3 25 19 23 15 4  | 16 | 93.75%
70
70
70
21 8 10 11 24 23 18 5 19 4 1 2 6 14 20 12 9 15 17 16 22 7 25 13 3  | 16 | 93.75%
71
71
71
4 10 9 2 5 16 7 19 15 1 17 3 23 6 8 11 12 18 20 21 22 25 24 14 13  | 16 | 93.75%
72
72
4 10 9 2 5 16 7 19 15 1 17 3 23 6 8 11 12 18 20 21 22 25 24 14 13  | 16 | 93.75%
73
73
19 25 23 20 22 7 1 6 16 18 17 12 4 10 24 9 15 21 11 13 2 14 5 8 3  | 16 | 93.75%
74
19 25 23 20 22 7 1 6 16 18 17 12 4 10 24 9 15 21 11 13 2 14 5 8 3  | 16 | 93.75%
75
75
75
1 6 16 18 17 12 4 2 24 5 8 9 10 3 11 14 15 21 13 19 25 23 20 22 7  | 16 | 93.75%
76
20 9 5 21 13 14 10 1 11 15 16 22 19 2 6 23 17 4 25 12 8 7 3 18 24  | 16 | 93.75%
77
77
17 1 5 19 2 4 16 9 3 10 8 12 22 6 7 15 21 20 11 14 13 18 23 24 25  | 16 | 93.75%
78
17 24 16 4 12 11 1 13 21 18 7 6 22 25 23 5 2 19 15 10 3 20 9 8 14  | 16 | 93.75%
79
79
79
22 21 3 20 19 6 8 13 12 11 10 1 17 4 25 9 14 7 15 16 24 2 5 23 18  | 16 | 93.75%
80
80
80
5 19 13 7 24 22 2 1 12 21 3 9 8 6 25 14 16 23 11 15 4 10 20 17 18  | 16 | 93.75%
81
81
81
81
5 6 7 21 14 4 15 16 2 3 8 23 9 12 10 18 20 19 17 22 24 25 11 1 13  | 16 | 93.75%
82
82
5 6 7 21 14 4 15 16 2 3 8 23 9 12 10 18 20 19 17 22 24 25 11 1 13  | 16 | 93.75%
5 6 7 21 14 4 15 16 2 3 8 23 9 12 10 18 20 19 17 22 24 25 11 1 13  | 16 | 93.75%
84
84
8 22 10 11 3 1 4 15 21 16 9 6 18 5 13 17 19 2 20 23 14 25 7 12 24  | 16 | 93.75%
85
18 8 20 5 10 1 15 7 22 13 2 25 21 11 19 24 9 16 12 14 23 6 17 4 3  | 16 | 93.75%
86
86
86
10 6 4 1 16 5 7 3 9 8 18 15 23 11 13 17 19 21 20 22 25 12 24 2 14  | 16 | 93.75%
87
87
17 1 14 12 19 21 10 20 15 11 25 2 22 6 3 13 9 18 5 7 4 8 24 16 23  | 16 | 93.75%
88
9 19 3 12 10 16 18 1 13 21 4 2 14 6 23 24 7 8 22 17 25 5 15 11 20  | 16 | 93.75%
89
89
89
22 21 7 9 25 20 24 3 5 16 1 2 6 17 14 13 10 23 11 19 8 15 4 12 18  | 16 | 93.75%
90
90
90
90
22 11 1 2 23 16 7 15 5 3 25 4 9 10 21 20 14 24 13 17 8 19 12 18 6  | 16 | 93.75%
91
22 11 1 2 23 16 7 15 5 3 25 4 9 10 21 20 14 24 13 17 8 19 12 18 6  | 16 | 93.75%
92
92
7 9 24 18 23 10 11 22 25 21 12 19 13 1 15 3 14 16 20 8 17 6 4 5 2  | 16 | 93.75%
7 9 24 18 23 10 11 22 25 21 12 19 13 1 15 3 14 16 20 8 17 6 4 5 2  | 16 | 93.75%
94
22 11 10 18 8 4 5 9 21 24 23 3 17 12 16 6 7 19 13 25 2 1 15 20 14  | 16 | 93.75%
95
95
95
8 19 10 18 11 5 14 6 13 16 22 15 7 17 1 25 12 20 21 24 4 9 3 2 23  | 16 | 93.75%
96
96
8 19 10 18 11 5 14 6 13 16 22 15 7 17 1 25 12 20 21 24 4 9 3 2 23  | 16 | 93.75%
97
2 6 7 10 8 22 17 5 20 18 1 9 13 23 15 3 21 24 4 16 19 25 11 14 12  | 16 | 93.75%
2 6 7 10 8 22 17 5 20 18 1 9 13 23 15 3 21 24 4 16 19 25 11 14 12  | 16 | 93.75%
99
99
2 6 7 10 8 22 17 5 20 18 1 9 13 23 15 3 21 24 4 16 19 25 11 14 12  | 16 | 93.75%
2 6 7 10 8 22 17 5 20 18 1 9 13 23 15 3 21 24 4 16 19 25 11 14 12  | 16 | 93.75%

real	0m7.465s
user	0m7.430s
sys	0m0.033s
Using input file: inputs/HT04.csv

real	0m7.787s
user	0m7.756s
sys	0m0.030s
