Using input file: inputs/HT05.csv
1
2
3
4
5
la
14 22 13 18 25 3 2 16 9 20 5 8 24 15 6 19 17 1 12 10 7 11 21 4 23  | 17 | 88.2353%
14 22 13 18 25 3 2 16 9 20 5 8 24 15 6 19 17 1 12 10 7 11 21 4 23  | 17 | 88.2353%
2
2
10 4 5 16 19 17 15 23 20 11 24 12 1 2 3 8 9 6 14 22 13 18 25 21 7  | 16 | 93.75%
3
3
3
15 23 22 7 2 12 10 24 3 21 11 25 20 9 1 13 18 14 8 4 6 5 16 19 17  | 16 | 93.75%
4
15 23 22 7 2 12 10 24 3 21 11 25 20 9 1 13 18 14 8 4 6 5 16 19 17  | 16 | 93.75%
5
5
14 9 16 13 5 22 4 25 2 20 18 3 17 12 23 21 11 15 10 19 1 7 6 24 8  | 16 | 93.75%
6
25 2 20 18 3 5 12 13 21 11 1 10 15 19 7 22 24 8 14 9 16 23 17 6 4  | 16 | 93.75%
7
25 2 20 18 3 5 12 13 21 11 1 10 15 19 7 22 24 8 14 9 16 23 17 6 4  | 16 | 93.75%
25 2 20 18 3 5 12 13 21 11 1 10 15 19 7 22 24 8 14 9 16 23 17 6 4  | 16 | 93.75%
25 2 20 18 3 5 12 13 21 11 1 10 15 19 7 22 24 8 14 9 16 23 17 6 4  | 16 | 93.75%
25 2 20 18 3 5 12 13 21 11 1 10 15 19 7 22 24 8 14 9 16 23 17 6 4  | 16 | 93.75%
25 2 20 18 3 5 12 13 21 11 1 10 15 19 7 22 24 8 14 9 16 23 17 6 4  | 16 | 93.75%
12
12
12
22 3 9 11 14 21 2 1 10 19 6 23 20 24 8 17 5 12 13 4 16 7 25 18 15  | 16 | 93.75%
13
13
13
13
21 11 3 14 20 10 4 6 19 1 8 2 5 12 16 9 24 15 18 25 22 17 7 23 13  | 16 | 93.75%
14
21 11 3 14 20 10 4 6 19 1 8 2 5 12 16 9 24 15 18 25 22 17 7 23 13  | 16 | 93.75%
15
15
15
21 11 3 14 20 10 4 6 19 1 8 2 5 12 16 9 24 15 18 25 22 17 7 23 13  | 16 | 93.75%
16
22 14 2 5 16 9 15 25 11 7 19 10 23 12 17 1 8 3 18 24 13 21 4 20 6  | 16 | 93.75%
22 14 2 5 16 9 15 25 11 7 19 10 23 12 17 1 8 3 18 24 13 21 4 20 6  | 16 | 93.75%
22 14 2 5 16 9 15 25 11 7 19 10 23 12 17 1 8 3 18 24 13 21 4 20 6  | 16 | 93.75%
19
13 23 3 4 24 14 25 5 18 15 8 16 9 19 12 2 17 10 22 7 11 6 1 21 20  | 16 | 93.75%
20
20
21 11 3 14 20 10 4 6 19 1 8 2 5 12 16 9 24 15 18 25 22 17 7 23 13  | 16 | 93.75%
21
21
21
25 2 20 18 3 5 12 13 21 11 1 10 15 19 7 22 24 8 14 9 16 23 17 6 4  | 16 | 93.75%
22
22
22
23 4 9 11 14 18 3 10 7 17 1 5 12 19 6 13 16 15 8 22 20 25 24 2 21  | 16 | 93.75%
23
23
23
3 14 20 10 4 15 5 8 1 2 6 7 9 24 12 17 18 25 13 22 16 19 23 21 11  | 16 | 93.75%
24
24
3 14 20 10 4 15 5 8 1 2 6 7 9 24 12 17 18 25 13 22 16 19 23 21 11  | 16 | 93.75%
25
25
19 20 22 11 1 9 15 21 10 12 16 17 24 6 8 4 18 3 14 5 7 13 25 23 2  | 16 | 93.75%
26
10 21 7 1 3 13 14 22 8 19 5 11 18 6 9 17 15 23 16 4 24 2 12 20 25  | 16 | 93.75%
27
22 21 9 7 3 25 2 17 5 14 12 4 23 24 15 8 20 13 11 10 16 6 19 18 1  | 16 | 93.75%
28
22 21 9 7 3 25 2 17 5 14 12 4 23 24 15 8 20 13 11 10 16 6 19 18 1  | 16 | 93.75%
29
29
22 21 9 7 3 25 2 17 5 14 12 4 23 24 15 8 20 13 11 10 16 6 19 18 1  | 16 | 93.75%
30
30
30
23 5 25 22 12 14 1 2 20 4 21 16 3 13 8 7 6 9 11 19 24 17 15 10 18  | 16 | 93.75%
31
4 8 7 17 18 9 23 19 25 6 3 1 11 15 20 2 21 14 10 5 12 24 16 22 13  | 16 | 93.75%
32
32
18 23 5 9 17 15 10 3 14 25 7 1 16 19 8 20 21 2 11 22 4 6 13 24 12  | 16 | 93.75%
33
9 7 3 25 2 20 24 4 1 19 12 16 15 10 5 14 6 8 13 23 11 18 17 22 21  | 16 | 93.75%
34
34
34
11 17 5 14 7 4 23 10 15 8 9 12 16 13 21 18 19 24 22 3 25 2 20 1 6  | 16 | 93.75%
35
35
35
5 9 17 2 10 1 21 22 13 4 3 7 19 20 6 8 12 11 14 15 16 24 25 18 23  | 16 | 93.75%
36
16 23 2 8 4 18 12 1 21 22 13 15 3 9 19 6 24 5 14 17 7 20 10 25 11  | 16 | 93.75%
16 23 2 8 4 18 12 1 21 22 13 15 3 9 19 6 24 5 14 17 7 20 10 25 11  | 16 | 93.75%
38
38
38
4 5 12 1 14 25 7 3 9 10 19 20 15 17 11 2 21 6 13 22 24 16 23 18 8  | 16 | 93.75%
39
16 4 14 23 25 11 8 24 1 17 15 5 21 12 13 19 10 6 2 3 22 18 7 20 9  | 16 | 93.75%
40
4 17 3 20 7 18 21 23 1 11 9 19 13 24 12 22 25 5 14 8 2 10 6 15 16  | 16 | 93.75%
41
41
5 9 4 15 8 3 19 1 10 13 6 2 21 20 7 12 17 22 11 14 25 16 24 18 23  | 16 | 93.75%
42
9 13 21 12 5 20 6 2 18 24 10 16 15 3 14 1 19 23 7 17 22 8 4 25 11  | 16 | 93.75%
43
9 13 21 12 5 20 6 2 18 24 10 16 15 3 14 1 19 23 7 17 22 8 4 25 11  | 16 | 93.75%
44
9 13 21 12 5 20 6 2 18 24 10 16 15 3 14 1 19 23 7 17 22 8 4 25 11  | 16 | 93.75%
45
5 19 3 23 14 24 15 21 22 9 4 2 17 12 10 7 8 11 18 16 13 25 1 6 20  | 16 | 93.75%
46
3 20 12 14 13 19 11 10 4 6 15 2 9 5 25 17 23 16 7 24 22 1 8 21 18  | 16 | 93.75%
47
10 3 6 25 18 5 9 20 23 11 15 8 17 16 19 4 22 12 24 21 13 7 2 14 1  | 16 | 93.75%
48
48
48
4 11 18 2 3 7 8 19 24 25 5 17 23 12 15 16 13 20 22 21 6 1 10 14 9  | 16 | 93.75%
49
3 14 10 17 9 12 18 5 2 4 22 6 16 11 21 1 8 24 25 19 7 23 20 13 15  | 16 | 93.75%
50
50
10 3 6 25 18 5 9 20 23 11 15 8 17 16 19 4 22 12 24 21 13 7 2 14 1  | 16 | 93.75%
51
4 7 17 16 3 5 12 1 2 14 22 24 9 25 6 10 23 15 11 20 13 18 19 21 8  | 16 | 93.75%
52
52
24 6 3 22 16 20 25 23 11 18 13 9 1 21 19 15 10 7 12 14 2 5 8 17 4  | 16 | 93.75%
24 6 3 22 16 20 25 23 11 18 13 9 1 21 19 15 10 7 12 14 2 5 8 17 4  | 16 | 93.75%
54
54
54
19 18 13 9 5 17 4 1 10 3 11 12 8 14 15 20 21 22 6 25 7 24 2 16 23  | 16 | 93.75%
55
55
55
1 8 3 10 14 12 21 19 15 11 7 4 18 2 5 17 22 23 24 6 13 9 16 20 25  | 16 | 93.75%
56
56
10 12 16 17 15 3 6 11 13 4 9 25 8 18 14 23 21 22 5 19 20 2 7 1 24  | 16 | 93.75%
57
10 12 16 17 15 3 6 11 13 4 9 25 8 18 14 23 21 22 5 19 20 2 7 1 24  | 16 | 93.75%
58
58
18 13 9 5 17 4 1 2 3 11 12 15 7 23 24 20 8 10 21 16 19 22 6 14 25  | 16 | 93.75%
59
59
59
12 24 3 20 23 7 5 15 1 9 10 11 4 6 17 22 16 14 8 19 21 18 13 2 25  | 16 | 93.75%
60
18 13 9 5 17 4 1 2 3 11 12 15 7 23 24 20 8 10 21 16 19 22 6 14 25  | 16 | 93.75%
61
6 22 15 11 13 10 12 1 25 16 8 5 7 21 23 3 4 17 9 19 14 18 2 24 20  | 16 | 93.75%
62
18 13 9 5 17 4 1 10 3 11 12 8 15 14 21 20 22 6 25 7 24 2 16 23 19  | 16 | 93.75%
63
18 13 9 5 17 4 1 10 3 11 12 8 15 14 21 20 22 6 25 7 24 2 16 23 19  | 16 | 93.75%
64
64
18 13 9 5 17 4 1 10 3 7 11 12 6 15 22 21 8 14 20 16 23 24 2 25 19  | 16 | 93.75%
65
18 13 9 5 17 4 1 10 3 7 11 12 6 15 22 21 8 14 20 16 23 24 2 25 19  | 16 | 93.75%
66
66
18 13 9 5 17 4 1 10 3 7 11 12 6 15 22 21 8 14 20 16 23 24 2 25 19  | 16 | 93.75%
67
4 10 17 5 1 13 9 8 2 25 3 14 7 6 21 19 22 16 20 15 24 11 18 12 23  | 16 | 93.75%
4 10 17 5 1 13 9 8 2 25 3 14 7 6 21 19 22 16 20 15 24 11 18 12 23  | 16 | 93.75%
69
4 10 17 5 1 13 9 8 2 25 3 14 7 6 21 19 22 16 20 15 24 11 18 12 23  | 16 | 93.75%
70
4 6 5 18 12 8 21 17 7 3 14 11 13 19 16 20 2 1 10 22 9 15 24 25 23  | 16 | 93.75%
71
23 18 7 17 2 1 22 3 16 4 6 9 24 19 20 12 15 25 5 13 11 14 21 10 8  | 16 | 93.75%
72
5 19 24 2 16 10 18 25 22 9 15 6 1 17 3 11 12 14 21 20 4 23 7 13 8  | 16 | 93.75%
73
5 19 24 2 16 10 18 25 22 9 15 6 1 17 3 11 12 14 21 20 4 23 7 13 8  | 16 | 93.75%
74
20 3 18 17 12 6 11 10 5 4 15 13 19 9 21 16 24 7 1 23 8 14 2 22 25  | 16 | 93.75%
75
4 17 3 8 15 23 14 2 1 6 9 10 5 18 20 21 12 22 13 25 19 24 16 11 7  | 16 | 93.75%
4 17 3 8 15 23 14 2 1 6 9 10 5 18 20 21 12 22 13 25 19 24 16 11 7  | 16 | 93.75%
4 17 3 8 15 23 14 2 1 6 9 10 5 18 20 21 12 22 13 25 19 24 16 11 7  | 16 | 93.75%
4 17 3 8 15 23 14 2 1 6 9 10 5 18 20 21 12 22 13 25 19 24 16 11 7  | 16 | 93.75%
79
1 22 3 21 24 6 5 17 15 13 12 19 7 14 23 11 18 9 8 16 2 4 25 20 10  | 16 | 93.75%
80
80
11 5 22 9 15 6 4 7 12 14 3 10 17 20 18 21 23 13 25 8 19 24 2 16 1  | 16 | 93.75%
81
14 9 8 3 6 4 15 18 10 11 21 22 19 5 20 24 12 13 23 7 25 17 1 2 16  | 16 | 93.75%
82
82
14 9 8 3 6 4 15 18 10 11 21 22 19 5 20 24 12 13 23 7 25 17 1 2 16  | 16 | 93.75%
83
83
16 6 1 24 19 9 7 3 12 5 22 15 17 10 21 4 8 13 14 23 18 25 2 20 11  | 16 | 93.75%
84
16 6 1 24 19 9 7 3 12 5 22 15 17 10 21 4 8 13 14 23 18 25 2 20 11  | 16 | 93.75%
16 6 1 24 19 9 7 3 12 5 22 15 17 10 21 4 8 13 14 23 18 25 2 20 11  | 16 | 93.75%
86
16 6 1 24 19 9 7 3 12 5 22 15 17 10 21 4 8 13 14 23 18 25 2 20 11  | 16 | 93.75%
16 6 1 24 19 9 7 3 12 5 22 15 17 10 21 4 8 13 14 23 18 25 2 20 11  | 16 | 93.75%
16 6 1 24 19 9 7 3 12 5 22 15 17 10 21 4 8 13 14 23 18 25 2 20 11  | 16 | 93.75%
89
89
11 5 22 9 15 6 4 7 12 14 3 10 17 20 18 21 23 13 25 8 19 24 2 16 1  | 16 | 93.75%
90
90
22 17 9 21 5 10 3 12 1 23 24 11 20 19 8 14 13 2 4 25 15 18 6 7 16  | 16 | 93.75%
91
91
91
16 15 19 12 21 5 9 8 18 6 11 25 4 7 3 1 13 23 22 24 17 10 20 2 14  | 16 | 93.75%
92
92
92
92
19 14 11 23 5 22 1 10 24 20 3 25 17 13 4 12 21 7 2 18 16 15 8 6 9  | 16 | 93.75%
93
19 14 11 23 5 22 1 10 24 20 3 25 17 13 4 12 21 7 2 18 16 15 8 6 9  | 16 | 93.75%
94
19 14 11 23 5 22 1 10 24 20 3 25 17 13 4 12 21 7 2 18 16 15 8 6 9  | 16 | 93.75%
19 14 11 23 5 22 1 10 24 20 3 25 17 13 4 12 21 7 2 18 16 15 8 6 9  | 16 | 93.75%
96
96
96
96
96
19 12 21 5 9 8 18 6 11 25 4 7 1 3 13 17 24 2 10 20 22 23 14 16 15  | 16 | 93.75%
97
97
15 3 17 23 7 21 14 10 9 5 25 2 18 4 24 19 16 12 13 20 22 6 8 11 1  | 16 | 93.75%
98
98
98
98
12 21 5 9 8 18 6 11 25 2 1 4 24 3 16 7 13 20 22 10 17 14 23 15 19  | 16 | 93.75%
99
99
19 12 21 5 9 8 18 6 11 25 4 7 1 3 13 17 24 2 10 20 22 23 14 16 15  | 16 | 93.75%
19 12 21 5 9 8 18 6 11 25 4 7 1 3 13 17 24 2 10 20 22 23 14 16 15  | 16 | 93.75%

real	0m5.872s
user	0m5.833s
sys	0m0.037s
Using input file: inputs/HT05.csv

real	0m6.038s
user	0m6.010s
sys	0m0.027s
