Using input file: inputs/HT06.csv
1
2
3
4
5
la
19 18 12 14 21 1 15 2 23 11 22 8 25 13 3 24 5 17 9 16 10 7 20 4 6  | 16 | 93.75%
1
1
1
24 11 10 18 4 7 3 14 1 23 16 25 5 2 6 15 17 12 13 21 8 22 19 9 20  | 16 | 93.75%
2
22 7 12 23 8 1 9 10 13 2 24 15 20 18 11 14 19 25 4 21 16 17 3 5 6  | 16 | 93.75%
22 7 12 23 8 1 9 10 13 2 24 15 20 18 11 14 19 25 4 21 16 17 3 5 6  | 16 | 93.75%
22 7 12 23 8 1 9 10 13 2 24 15 20 18 11 14 19 25 4 21 16 17 3 5 6  | 16 | 93.75%
5
2 19 25 11 5 7 23 22 10 4 9 1 20 8 13 14 16 3 12 6 18 15 17 24 21  | 16 | 93.75%
6
6
6
12 1 13 5 14 8 11 21 25 19 22 17 7 24 20 4 18 10 15 2 16 9 3 23 6  | 16 | 93.75%
7
13 15 23 11 1 4 7 2 5 18 19 3 8 6 12 9 14 25 17 24 22 20 16 21 10  | 16 | 93.75%
8
8
8
25 7 17 9 19 23 21 14 6 15 1 22 18 5 16 12 20 11 13 2 10 3 8 24 4  | 16 | 93.75%
9
9
6 15 1 3 4 2 10 12 20 11 13 14 24 17 22 7 25 8 5 18 9 19 23 21 16  | 16 | 93.75%
10
10
1 6 15 7 21 4 13 12 2 5 20 10 19 24 11 8 17 16 14 23 22 25 18 3 9  | 16 | 93.75%
11
6 23 18 12 5 3 1 2 13 9 24 11 22 16 4 15 19 10 14 20 8 25 21 7 17  | 16 | 93.75%
12
12
6 23 18 12 5 3 1 2 13 9 24 11 22 16 4 15 19 10 14 20 8 25 21 7 17  | 16 | 93.75%
13
13
20 11 12 5 15 23 24 6 1 10 2 14 13 25 18 3 8 17 21 19 16 7 22 4 9  | 16 | 93.75%
14
14 20 23 25 21 24 17 18 11 7 6 1 22 19 16 10 4 12 13 5 15 2 8 3 9  | 16 | 93.75%
14 20 23 25 21 24 17 18 11 7 6 1 22 19 16 10 4 12 13 5 15 2 8 3 9  | 16 | 93.75%
14 20 23 25 21 24 17 18 11 7 6 1 22 19 16 10 4 12 13 5 15 2 8 3 9  | 16 | 93.75%
17
14 20 23 25 21 24 17 18 11 7 6 1 22 19 16 10 4 12 13 5 15 2 8 3 9  | 16 | 93.75%
18
18
14 20 23 25 21 24 17 18 11 7 6 1 22 19 16 10 4 12 13 5 15 2 8 3 9  | 16 | 93.75%
19
1 14 10 23 17 13 2 16 21 19 3 20 7 22 4 8 12 18 5 15 11 6 9 24 25  | 16 | 93.75%
20
18 24 6 16 11 15 13 3 14 20 8 23 21 2 5 1 4 19 25 22 9 17 12 7 10  | 16 | 93.75%
21
21
16 19 6 21 24 17 5 25 2 9 8 12 3 14 13 1 11 15 18 23 22 4 20 7 10  | 16 | 93.75%
22
22
18 9 15 13 25 12 20 1 6 10 21 22 16 4 2 11 23 3 14 24 7 5 17 8 19  | 16 | 93.75%
18 9 15 13 25 12 20 1 6 10 21 22 16 4 2 11 23 3 14 24 7 5 17 8 19  | 16 | 93.75%
24
24
18 9 15 13 25 12 20 1 6 10 21 22 16 4 2 11 23 3 14 24 7 5 17 8 19  | 16 | 93.75%
25
18 11 2 6 12 8 21 20 22 16 9 19 15 17 14 1 24 25 5 4 23 7 10 13 3  | 16 | 93.75%
26
26
26
18 11 2 6 12 8 21 20 22 16 9 19 15 17 14 1 24 25 5 4 23 7 10 13 3  | 16 | 93.75%
27
18 11 2 6 12 8 21 20 22 16 9 19 15 17 14 1 24 25 5 4 23 7 10 13 3  | 16 | 93.75%
28
28
18 11 2 6 12 8 21 20 22 16 9 19 15 17 14 1 24 25 5 4 23 7 10 13 3  | 16 | 93.75%
29
29
18 9 15 13 25 12 20 1 6 10 21 22 16 4 2 11 23 3 14 24 7 5 17 8 19  | 16 | 93.75%
30
30
30
8 21 13 24 22 25 15 2 9 19 18 17 10 4 1 23 12 16 5 20 11 14 6 7 3  | 16 | 93.75%
31
12 13 9 19 7 15 21 24 3 23 14 20 8 22 1 2 6 16 10 4 25 11 17 5 18  | 16 | 93.75%
32
32
32
9 10 22 25 19 4 15 1 24 7 11 13 17 6 16 3 2 18 21 12 20 14 23 8 5  | 16 | 93.75%
33
33
13 12 24 2 3 1 9 4 10 15 20 14 25 17 5 16 18 8 6 19 11 7 22 21 23  | 16 | 93.75%
34
34
34
9 4 10 15 20 14 1 17 5 16 6 2 18 19 11 12 3 7 23 8 21 13 24 22 25  | 16 | 93.75%
35
35
35
13 1 2 12 18 5 6 21 11 7 4 8 16 14 15 19 20 22 23 24 25 9 10 3 17  | 16 | 93.75%
36
36
36
2 11 17 20 21 22 16 23 24 4 10 1 13 12 8 9 6 18 3 14 15 19 25 5 7  | 16 | 93.75%
37
37
37
4 15 5 18 6 19 8 16 22 21 10 2 13 20 1 23 7 3 12 11 25 14 17 9 24  | 16 | 93.75%
38
38
4 15 5 18 6 19 8 16 22 21 10 2 13 20 1 23 7 3 12 11 25 14 17 9 24  | 16 | 93.75%
39
39
8 5 3 22 15 6 21 17 20 1 2 4 11 9 12 19 7 14 16 23 24 18 10 13 25  | 16 | 93.75%
40
40
40
40
5 3 22 15 6 21 17 20 1 2 4 11 9 12 14 7 10 16 23 13 18 19 24 25 8  | 16 | 93.75%
41
41
17 20 1 10 4 11 9 12 14 7 2 16 8 23 24 18 13 25 19 5 3 22 15 6 21  | 16 | 93.75%
42
42
12 25 18 1 17 10 16 4 2 21 22 11 7 3 13 23 14 19 6 24 9 20 15 8 5  | 16 | 93.75%
12 25 18 1 17 10 16 4 2 21 22 11 7 3 13 23 14 19 6 24 9 20 15 8 5  | 16 | 93.75%
44
44
44
5 3 22 15 6 21 17 20 1 2 4 11 9 12 14 7 10 16 23 13 18 19 24 25 8  | 16 | 93.75%
45
18 1 15 4 12 13 8 14 23 11 19 9 21 2 3 24 17 16 7 6 25 22 5 20 10  | 16 | 93.75%
46
11 2 1 8 19 18 7 25 12 23 17 5 15 21 6 22 20 4 9 16 13 14 24 10 3  | 16 | 93.75%
47
47
47
11 2 1 8 19 18 7 25 12 23 17 5 15 21 6 22 20 4 9 16 13 14 24 10 3  | 16 | 93.75%
48
48
13 24 10 1 15 4 5 21 9 3 22 20 14 12 11 6 19 8 17 2 7 23 18 16 25  | 16 | 93.75%
49
15 16 20 21 18 4 8 5 23 22 2 14 17 24 3 6 10 13 9 25 12 11 1 19 7  | 16 | 93.75%
50
50
4 10 22 11 12 25 2 19 5 1 13 3 8 15 23 9 16 20 7 21 18 14 24 17 6  | 16 | 93.75%
51
51
16 1 4 15 23 5 6 20 9 7 8 13 14 10 24 17 18 22 11 12 25 2 19 3 21  | 16 | 93.75%
52
52
52
7 13 15 9 25 19 16 17 12 1 18 2 22 6 14 4 11 10 5 20 21 23 8 3 24  | 16 | 93.75%
7 13 15 9 25 19 16 17 12 1 18 2 22 6 14 4 11 10 5 20 21 23 8 3 24  | 16 | 93.75%
54
54
15 3 7 12 9 8 24 2 20 25 1 4 5 18 21 13 19 11 14 10 6 22 16 17 23  | 16 | 93.75%
55
55
6 10 24 8 9 12 21 4 17 2 13 1 11 18 23 14 20 15 16 22 25 19 3 7 5  | 16 | 93.75%
56
56
19 23 15 16 1 9 12 14 11 24 5 4 2 25 3 20 17 7 22 10 18 6 21 13 8  | 16 | 93.75%
57
57
57
12 13 7 11 1 18 23 2 16 21 14 15 25 19 20 5 22 6 10 24 17 8 3 9 4  | 16 | 93.75%
58
13 19 14 23 3 1 10 18 20 21 6 12 11 25 15 22 9 16 5 17 2 24 8 7 4  | 16 | 93.75%
59
59
16 25 23 2 20 19 4 5 14 22 15 13 9 18 8 1 17 21 3 6 11 10 12 24 7  | 16 | 93.75%
60
60
16 25 23 2 20 19 4 5 14 22 15 13 9 18 8 1 17 21 3 6 11 10 12 24 7  | 16 | 93.75%
61
61
5 19 6 8 12 14 11 24 2 10 4 1 3 20 17 7 22 15 18 16 21 23 25 13 9  | 16 | 93.75%
62
62
62
7 19 4 24 12 5 8 9 1 21 2 17 11 23 13 14 3 6 15 25 16 10 18 22 20  | 16 | 93.75%
63
63
12 14 11 2 3 10 4 1 13 15 17 7 5 9 18 20 24 16 19 21 22 6 23 25 8  | 16 | 93.75%
64
21 17 24 18 14 12 6 1 10 15 2 4 9 8 5 7 11 25 16 23 3 19 20 22 13  | 16 | 93.75%
65
65
65
2 11 14 12 8 16 19 3 21 7 15 18 22 6 1 10 20 25 5 4 13 17 24 9 23  | 16 | 93.75%
66
22 16 1 23 21 5 24 3 19 10 12 20 15 13 9 17 2 11 6 8 25 14 7 18 4  | 16 | 93.75%
67
22 16 1 23 21 5 24 3 19 10 12 20 15 13 9 17 2 11 6 8 25 14 7 18 4  | 16 | 93.75%
22 16 1 23 21 5 24 3 19 10 12 20 15 13 9 17 2 11 6 8 25 14 7 18 4  | 16 | 93.75%
69
18 8 5 15 24 3 17 11 14 25 10 22 4 23 9 13 2 12 20 1 21 6 16 19 7  | 16 | 93.75%
70
70
11 12 15 13 20 7 24 21 17 2 5 1 3 6 10 4 9 16 18 22 8 23 14 19 25  | 16 | 93.75%
71
11 12 15 13 20 7 24 21 17 2 5 1 3 6 10 4 9 16 18 22 8 23 14 19 25  | 16 | 93.75%
72
11 12 15 13 20 7 24 21 17 2 5 1 3 6 10 4 9 16 18 22 8 23 14 19 25  | 16 | 93.75%
73
73
73
22 4 3 20 25 7 2 15 18 1 6 10 14 11 8 23 19 21 24 16 17 12 9 13 5  | 16 | 93.75%
74
74
20 25 7 2 1 21 6 9 24 14 11 8 23 19 10 15 16 17 12 18 13 5 22 4 3  | 16 | 93.75%
75
75
75
75
1 21 6 9 24 8 17 7 19 5 13 15 4 18 10 3 14 23 11 12 16 20 22 25 2  | 16 | 93.75%
76
76
1 21 6 9 24 8 17 7 19 5 13 15 4 18 10 3 14 23 11 12 16 20 22 25 2  | 16 | 93.75%
77
19 3 15 13 20 9 6 14 16 21 11 2 23 1 25 8 12 4 24 18 7 22 10 17 5  | 16 | 93.75%
19 3 15 13 20 9 6 14 16 21 11 2 23 1 25 8 12 4 24 18 7 22 10 17 5  | 16 | 93.75%
79
79
2 1 21 6 9 24 14 11 15 4 18 10 3 8 16 12 13 17 23 22 5 19 20 25 7  | 16 | 93.75%
80
80
80
5 23 24 22 18 11 21 25 17 3 6 19 12 2 7 1 20 10 15 13 14 8 16 9 4  | 16 | 93.75%
81
81
12 23 1 21 13 15 7 17 19 24 10 2 14 22 4 11 5 16 3 20 8 9 18 6 25  | 16 | 93.75%
12 23 1 21 13 15 7 17 19 24 10 2 14 22 4 11 5 16 3 20 8 9 18 6 25  | 16 | 93.75%
83
83
12 23 1 21 13 15 7 17 19 24 10 2 14 22 4 11 5 16 3 20 8 9 18 6 25  | 16 | 93.75%
84
84
11 14 19 18 16 10 9 15 17 1 12 2 5 3 8 13 7 20 6 25 24 21 4 22 23  | 16 | 93.75%
85
85
85
11 1 2 9 15 8 19 14 3 17 12 10 20 13 18 22 7 16 6 25 24 21 4 5 23  | 16 | 93.75%
86
11 14 19 18 16 10 9 15 17 1 12 2 5 3 8 13 7 20 6 25 24 21 4 22 23  | 16 | 93.75%
87
87
11 1 2 9 15 8 19 14 3 17 12 10 20 13 18 22 7 16 6 25 24 21 4 5 23  | 16 | 93.75%
88
88
11 1 2 9 15 8 19 14 3 17 12 10 20 13 18 22 7 16 6 25 24 21 4 5 23  | 16 | 93.75%
89
89
11 9 15 19 1 6 21 12 22 18 4 16 20 7 3 17 5 2 23 24 14 8 10 25 13  | 16 | 93.75%
90
11 9 15 19 1 6 21 12 22 18 4 16 20 7 3 17 5 2 23 24 14 8 10 25 13  | 16 | 93.75%
91
19 15 18 14 23 1 10 7 2 17 6 25 13 12 5 20 4 16 9 3 22 24 11 21 8  | 16 | 93.75%
92
92
20 18 22 1 11 14 5 19 6 24 10 3 23 2 16 7 21 8 12 25 4 15 13 9 17  | 16 | 93.75%
93
93
6 5 25 13 12 1 2 21 8 7 9 11 15 10 17 14 20 18 22 19 4 23 24 3 16  | 16 | 93.75%
94
6 5 25 13 12 1 2 21 8 7 9 11 15 10 17 14 20 18 22 19 4 23 24 3 16  | 16 | 93.75%
6 5 25 13 12 1 2 21 8 7 9 11 15 10 17 14 20 18 22 19 4 23 24 3 16  | 16 | 93.75%
96
96
96
3 23 8 19 12 2 22 21 13 17 10 15 4 25 18 11 6 1 5 20 7 16 9 24 14  | 16 | 93.75%
97
15 24 13 23 4 22 21 19 14 7 1 2 12 5 9 11 6 25 16 18 8 20 3 10 17  | 16 | 93.75%
98
98
17 3 2 16 8 14 4 24 11 23 6 12 15 21 1 9 18 22 5 7 25 19 13 20 10  | 16 | 93.75%
99
99
99
14 4 7 1 15 2 11 12 21 5 20 3 9 17 22 25 19 23 18 24 13 10 6 16 8  | 16 | 93.75%
14 4 7 1 15 2 11 12 21 5 20 3 9 17 22 25 19 23 18 24 13 10 6 16 8  | 16 | 93.75%

real	0m6.265s
user	0m6.246s
sys	0m0.017s
Using input file: inputs/HT06.csv

real	0m6.536s
user	0m6.493s
sys	0m0.040s
