Using input file: inputs/HT07.csv
1
2
3
4
5
la
17 25 9 26 15 22 11 7 6 28 14 8 3 23 27 2 13 10 21 5 12 18 1 4 19 16 24 20  | 33 | 90.9091%
1
1
1
16 26 19 6 8 20 23 3 5 1 2 21 15 17 4 7 9 12 10 22 11 25 18 24 27 14 13 28  | 32 | 93.75%
2
2
16 26 19 6 8 20 23 3 5 1 2 21 15 17 4 7 9 12 10 22 11 25 18 24 27 14 13 28  | 32 | 93.75%
16 26 19 6 8 20 23 3 5 1 2 21 15 17 4 7 9 12 10 22 11 25 18 24 27 14 13 28  | 32 | 93.75%
16 26 19 6 8 20 23 3 5 1 2 21 15 17 4 7 9 12 10 22 11 25 18 24 27 14 13 28  | 32 | 93.75%
5
5
5
16 26 19 6 8 20 23 3 5 1 2 21 15 17 4 7 9 12 10 22 11 25 18 24 27 14 13 28  | 32 | 93.75%
6
6
6
6
4 1 5 3 7 10 14 20 19 9 22 12 13 21 23 6 11 24 16 27 18 25 17 2 15 8 28 26  | 32 | 93.75%
7
8 22 10 11 21 20 28 14 24 6 19 7 5 17 15 27 1 9 3 4 18 23 12 2 26 16 13 25  | 32 | 93.75%
8
8
8 22 10 11 21 20 28 14 24 6 19 7 5 17 15 27 1 9 3 4 18 23 12 2 26 16 13 25  | 32 | 93.75%
9
9
11 10 2 7 8 28 4 15 21 26 3 23 1 5 13 6 9 17 24 12 16 19 22 25 14 18 27 20  | 32 | 93.75%
10
26 3 16 8 11 23 5 2 25 13 21 6 14 24 28 15 12 18 20 22 19 9 7 17 1 27 4 10  | 32 | 93.75%
11
11
8 22 10 11 21 20 28 14 24 6 19 7 5 17 15 27 1 9 3 4 18 23 12 2 26 16 13 25  | 32 | 93.75%
8 22 10 11 21 20 28 14 24 6 19 7 5 17 15 27 1 9 3 4 18 23 12 2 26 16 13 25  | 32 | 93.75%
13
13
13
13
25 6 5 16 17 23 9 21 7 4 19 24 3 11 18 15 1 10 14 12 2 26 20 13 28 8 22 27  | 32 | 93.75%
14
14
28 26 27 25 6 5 16 17 23 9 21 7 4 19 24 3 11 18 15 12 22 10 20 8 13 2 1 14  | 32 | 93.75%
15
15
15
4 25 1 6 16 9 11 2 20 8 3 12 17 18 5 21 10 15 14 23 13 24 26 22 28 27 19 7  | 32 | 93.75%
16
4 12 9 5 18 16 23 7 14 13 26 17 11 22 21 8 6 15 3 20 27 1 24 28 2 25 10 19  | 32 | 93.75%
17
17
4 12 9 5 18 16 23 7 14 13 26 17 11 22 21 8 6 15 3 20 27 1 24 28 2 25 10 19  | 32 | 93.75%
18
18
21 5 7 10 4 1 17 13 6 16 12 23 25 20 3 19 22 24 26 27 14 2 8 9 28 11 18 15  | 32 | 93.75%
19
19
19
4 12 21 13 18 3 5 16 14 17 8 7 22 20 25 19 1 6 9 11 15 24 27 2 10 26 23 28  | 32 | 93.75%
20
20
20
21 5 7 10 4 1 17 13 6 16 12 23 25 20 3 19 22 24 26 27 14 2 8 9 28 11 18 15  | 32 | 93.75%
21
21 5 7 10 4 1 17 13 6 16 12 23 25 20 3 19 22 24 26 27 14 2 8 9 28 11 18 15  | 32 | 93.75%
22
22
4 12 21 13 18 3 5 16 14 17 8 7 22 20 25 19 1 6 9 11 15 24 27 2 10 26 23 28  | 32 | 93.75%
23
23
23
23
23
3 14 23 13 12 21 16 24 8 6 15 10 17 22 18 25 19 9 27 5 1 7 20 2 11 4 26 28  | 32 | 93.75%
24
24
24
17 13 6 11 2 23 25 12 3 27 5 9 8 14 16 18 15 4 7 10 19 22 24 26 21 20 28 1  | 32 | 93.75%
25
25
3 14 23 13 12 21 16 24 8 6 15 10 17 22 18 25 19 9 27 5 1 7 20 2 11 4 26 28  | 32 | 93.75%
26
7 10 4 1 17 13 6 16 12 23 25 20 3 27 5 9 19 24 14 26 11 2 15 18 21 28 8 22  | 32 | 93.75%
27
22 17 7 15 5 13 12 11 4 18 2 9 6 14 10 20 8 16 21 1 26 19 28 24 3 27 23 25  | 32 | 93.75%
28
28
28
17 13 6 11 2 23 25 12 3 27 5 9 8 14 16 18 15 4 7 10 19 22 24 26 21 20 28 1  | 32 | 93.75%
29
29
25 8 22 2 13 7 17 9 6 27 3 5 10 14 28 16 1 4 21 20 12 15 18 24 26 23 11 19  | 32 | 93.75%
30
30
17 13 6 11 2 23 25 12 3 27 5 9 8 14 16 18 15 4 7 10 19 22 24 26 21 20 28 1  | 32 | 93.75%
17 13 6 11 2 23 25 12 3 27 5 9 8 14 16 18 15 4 7 10 19 22 24 26 21 20 28 1  | 32 | 93.75%
17 13 6 11 2 23 25 12 3 27 5 9 8 14 16 18 15 4 7 10 19 22 24 26 21 20 28 1  | 32 | 93.75%
33
17 13 6 11 2 23 25 12 3 27 5 9 8 14 16 18 15 4 7 10 19 22 24 26 21 20 28 1  | 32 | 93.75%
34
34
25 8 22 2 13 7 17 9 6 27 3 5 10 14 28 16 1 4 21 20 12 15 18 24 26 23 11 19  | 32 | 93.75%
35
35
21 3 5 16 14 17 4 7 12 20 6 19 1 15 9 13 24 18 26 2 25 27 23 28 8 22 10 11  | 32 | 93.75%
36
36
36
36
26 19 10 11 12 8 17 13 23 28 14 6 3 2 25 5 4 16 18 9 24 1 7 22 20 27 15 21  | 32 | 93.75%
37
37
26 19 10 11 12 8 17 13 23 28 14 6 3 2 25 5 4 16 18 9 24 1 7 22 20 27 15 21  | 32 | 93.75%
38
38
2 13 7 17 9 23 28 3 5 1 14 6 16 4 10 18 12 15 21 20 11 27 24 26 19 25 8 22  | 32 | 93.75%
39
39
7 17 9 6 27 3 5 10 14 28 16 1 4 21 11 15 12 20 24 18 19 23 26 25 8 22 2 13  | 32 | 93.75%
40
40
40
26 19 10 11 12 8 17 13 23 28 14 6 3 2 25 5 4 16 18 9 24 1 7 22 20 27 15 21  | 32 | 93.75%
41
41
26 18 7 13 12 3 6 5 11 14 19 21 27 4 1 2 10 15 8 20 17 25 16 24 23 28 9 22  | 32 | 93.75%
42
26 18 7 13 12 3 6 5 11 14 19 21 27 4 1 2 10 15 8 20 17 25 16 24 23 28 9 22  | 32 | 93.75%
43
7 26 11 27 8 16 2 22 9 5 6 1 4 28 17 25 24 18 21 12 3 14 13 15 10 23 20 19  | 32 | 93.75%
44
44
18 11 19 28 20 16 9 10 1 5 2 8 6 3 7 23 25 4 13 27 12 15 17 21 24 14 26 22  | 32 | 93.75%
45
45
20 16 9 22 2 5 6 1 4 3 17 25 24 10 21 14 12 15 7 8 13 27 26 23 18 11 19 28  | 32 | 93.75%
46
46
46
46
11 27 13 15 14 20 25 16 1 4 21 23 5 12 22 19 7 17 9 6 24 8 28 26 18 3 10 2  | 32 | 93.75%
47
11 27 13 15 14 20 25 16 1 4 21 23 5 12 22 19 7 17 9 6 24 8 28 26 18 3 10 2  | 32 | 93.75%
48
48
18 11 19 28 20 16 9 10 1 5 2 8 6 3 7 23 25 4 13 27 12 15 17 21 24 14 26 22  | 32 | 93.75%
49
49
49
18 11 19 28 20 16 9 10 1 5 2 8 6 3 7 23 25 4 13 27 12 15 17 21 24 14 26 22  | 32 | 93.75%
18 11 19 28 20 16 9 10 1 5 2 8 6 3 7 23 25 4 13 27 12 15 17 21 24 14 26 22  | 32 | 93.75%
51
51
51
51
14 15 2 16 17 3 24 12 20 26 8 23 4 10 28 27 6 25 18 1 13 19 5 21 11 9 22 7  | 32 | 93.75%
52
26 6 1 17 2 25 8 5 3 13 9 7 14 18 27 12 10 4 28 20 22 21 19 16 23 24 11 15  | 32 | 93.75%
53
53
23 5 14 9 3 6 22 24 16 1 21 17 15 26 2 25 28 10 12 19 7 18 4 11 8 27 20 13  | 32 | 93.75%
54
54
9 5 17 8 3 7 4 21 18 27 15 12 16 20 2 6 1 10 24 22 26 28 14 25 23 13 19 11  | 32 | 93.75%
55
7 17 23 5 15 18 4 25 11 10 19 20 26 24 1 8 3 12 6 22 13 28 2 27 21 14 16 9  | 32 | 93.75%
56
7 17 23 5 15 18 4 25 11 10 19 20 26 24 1 8 3 12 6 22 13 28 2 27 21 14 16 9  | 32 | 93.75%
57
57
7 17 23 5 15 18 4 25 11 10 19 20 26 24 1 8 3 12 6 22 13 28 2 27 21 14 16 9  | 32 | 93.75%
58
58
58
11 12 8 17 13 23 28 14 6 3 2 25 5 4 16 18 20 1 27 24 7 9 22 15 21 26 19 10  | 32 | 93.75%
59
13 12 6 22 15 14 16 7 5 8 11 21 25 20 4 19 9 17 18 2 1 27 28 3 26 10 23 24  | 32 | 93.75%
60
60
60
4 13 23 12 6 17 26 28 24 3 15 8 5 2 9 14 25 1 20 22 7 18 19 11 16 10 21 27  | 32 | 93.75%
61
61
4 13 23 12 6 17 26 28 24 3 15 8 5 2 9 14 25 1 20 22 7 18 19 11 16 10 21 27  | 32 | 93.75%
62
15 6 16 7 1 3 8 11 26 2 4 19 10 5 18 17 20 27 12 21 23 24 25 28 13 14 9 22  | 32 | 93.75%
63
63
6 16 7 1 3 8 11 26 2 4 19 10 5 18 17 20 27 12 21 23 24 25 9 13 14 28 22 15  | 32 | 93.75%
64
6 16 7 1 3 8 11 26 2 4 19 10 5 18 17 20 27 12 21 23 24 25 9 13 14 28 22 15  | 32 | 93.75%
65
65
65
6 16 7 1 3 8 11 26 2 4 19 10 5 18 17 20 27 12 21 23 24 25 9 13 14 28 22 15  | 32 | 93.75%
66
66
6 16 7 3 8 11 26 2 4 19 10 5 18 17 1 20 27 12 21 23 24 9 13 14 25 28 22 15  | 32 | 93.75%
67
67
67
6 16 7 1 3 8 11 26 2 4 19 10 5 18 17 20 27 12 21 23 24 25 9 13 14 28 22 15  | 32 | 93.75%
68
1 18 3 6 8 20 16 4 2 19 23 28 5 10 11 15 14 24 27 22 13 12 7 21 26 17 9 25  | 32 | 93.75%
69
69
69
6 16 7 1 3 8 11 26 2 4 19 10 5 18 17 20 27 12 21 23 24 25 9 13 14 28 22 15  | 32 | 93.75%
70
6 16 7 1 3 8 11 26 2 4 19 10 5 18 17 20 27 12 21 23 24 25 9 13 14 28 22 15  | 32 | 93.75%
71
71
25 19 28 17 21 18 7 13 10 4 11 2 16 9 22 27 1 8 15 12 5 23 24 14 3 26 6 20  | 32 | 93.75%
72
25 19 28 17 21 18 7 13 10 4 11 2 16 9 22 27 1 8 15 12 5 23 24 14 3 26 6 20  | 32 | 93.75%
73
25 19 28 17 21 18 7 13 10 4 11 2 16 9 22 27 1 8 15 12 5 23 24 14 3 26 6 20  | 32 | 93.75%
74
74
74
74
74
6 16 7 1 3 8 11 26 2 4 19 10 5 18 17 20 27 12 21 23 24 9 13 14 22 25 28 15  | 32 | 93.75%
75
75
75
13 10 4 12 2 3 9 22 27 5 8 14 24 11 23 15 20 6 26 7 16 25 19 28 17 21 18 1  | 32 | 93.75%
76
5 12 4 17 23 24 13 11 14 26 1 25 16 9 10 8 21 22 7 15 6 27 3 2 18 20 28 19  | 32 | 93.75%
77
6 16 7 1 3 8 11 26 2 4 19 10 5 18 17 20 27 12 21 23 24 9 13 14 22 25 28 15  | 32 | 93.75%
6 16 7 1 3 8 11 26 2 4 19 10 5 18 17 20 27 12 21 23 24 9 13 14 22 25 28 15  | 32 | 93.75%
79
79
79
16 1 5 17 12 18 25 3 20 8 10 14 4 7 11 13 15 21 23 24 27 9 6 28 26 19 2 22  | 32 | 93.75%
16 1 5 17 12 18 25 3 20 8 10 14 4 7 11 13 15 21 23 24 27 9 6 28 26 19 2 22  | 32 | 93.75%
81
81
16 1 5 17 12 18 25 3 20 8 10 14 4 7 11 13 15 21 23 24 27 9 6 28 26 19 2 22  | 32 | 93.75%
82
82
82
5 12 4 17 23 24 13 11 14 26 1 25 16 9 10 8 21 22 7 15 6 27 3 2 18 20 28 19  | 32 | 93.75%
83
6 16 7 1 3 8 11 26 2 4 19 10 5 18 17 20 27 12 21 23 24 9 13 14 22 25 28 15  | 32 | 93.75%
84
84
84
16 1 5 17 12 18 25 3 20 8 10 14 4 7 11 13 15 21 23 24 27 9 6 28 26 19 2 22  | 32 | 93.75%
85
85
85
85
27 11 19 12 7 17 10 15 25 14 3 6 28 21 9 5 8 2 26 24 13 1 4 22 23 20 16 18  | 32 | 93.75%
86
86
27 11 19 12 7 17 10 15 25 14 3 6 28 21 9 5 8 2 26 24 13 1 4 22 23 20 16 18  | 32 | 93.75%
87
87
87
26 7 19 10 25 13 9 20 14 27 21 15 2 5 16 17 18 23 24 28 22 6 12 4 1 3 8 11  | 32 | 93.75%
88
6 16 7 1 3 8 11 26 4 19 10 5 18 17 20 23 27 21 9 12 24 13 14 22 2 25 28 15  | 32 | 93.75%
89
89
5 12 4 17 23 24 13 11 14 26 1 25 16 9 10 8 21 22 7 15 6 27 3 2 18 20 28 19  | 32 | 93.75%
90
90
27 11 19 12 7 17 10 15 25 14 3 6 28 21 9 5 8 2 26 24 13 1 4 22 23 20 16 18  | 32 | 93.75%
27 11 19 12 7 17 10 15 25 14 3 6 28 21 9 5 8 2 26 24 13 1 4 22 23 20 16 18  | 32 | 93.75%
92
92
6 16 7 1 3 8 11 26 4 19 10 5 18 17 20 23 27 21 9 12 24 13 14 22 2 25 28 15  | 32 | 93.75%
93
93
93
27 11 19 12 7 17 10 15 25 14 3 6 28 21 9 5 8 2 26 24 13 1 4 22 23 20 16 18  | 32 | 93.75%
94
5 14 9 10 13 2 15 26 20 27 16 25 17 28 4 11 19 24 12 8 7 22 18 6 3 1 23 21  | 32 | 93.75%
95
5 14 9 10 13 2 15 26 20 27 16 25 17 28 4 11 19 24 12 8 7 22 18 6 3 1 23 21  | 32 | 93.75%
96
12 7 17 10 15 25 14 3 6 18 2 20 23 1 4 5 24 13 8 9 22 16 21 26 28 27 11 19  | 32 | 93.75%
97
4 26 12 5 9 2 25 23 10 16 11 3 6 24 22 7 14 8 17 19 13 21 15 27 1 20 28 18  | 32 | 93.75%
98
98
98
6 16 7 1 3 8 11 26 4 19 10 5 18 17 20 23 27 21 9 12 24 13 14 22 2 25 28 15  | 32 | 93.75%
99
99
99
20 27 16 25 17 28 4 11 19 8 3 7 6 21 24 12 1 18 23 22 5 14 9 10 13 2 15 26  | 32 | 93.75%
20 27 16 25 17 28 4 11 19 8 3 7 6 21 24 12 1 18 23 22 5 14 9 10 13 2 15 26  | 32 | 93.75%

real	0m22.049s
user	0m21.949s
sys	0m0.097s
Using input file: inputs/HT07.csv

real	0m22.876s
user	0m22.749s
sys	0m0.117s
