Using input file: inputs/HT08.csv
1
2
3
4
5
la
21 4 29 1 16 12 11 5 6 9 19 13 22 7 2 18 24 17 8 23 27 20 10 3 25 15 26 28 14  | 35 | 85.7143%
1
1
1
1
1 22 20 12 13 14 18 23 16 5 7 29 2 19 21 3 10 15 11 24 26 17 6 8 25 28 27 9 4  | 33 | 90.9091%
2
2
16 1 2 8 24 27 6 22 13 15 14 12 3 25 19 23 10 28 17 11 26 21 20 5 18 4 7 9 29  | 33 | 90.9091%
16 1 2 8 24 27 6 22 13 15 14 12 3 25 19 23 10 28 17 11 26 21 20 5 18 4 7 9 29  | 33 | 90.9091%
16 1 2 8 24 27 6 22 13 15 14 12 3 25 19 23 10 28 17 11 26 21 20 5 18 4 7 9 29  | 33 | 90.9091%
16 1 2 8 24 27 6 22 13 15 14 12 3 25 19 23 10 28 17 11 26 21 20 5 18 4 7 9 29  | 33 | 90.9091%
6
6
6
6
6
20 12 13 14 18 23 16 5 7 29 2 19 21 3 10 15 11 24 26 17 6 8 25 4 27 9 28 1 22  | 33 | 90.9091%
7
13 11 5 3 1 17 20 21 23 15 14 2 10 12 7 16 6 18 4 24 25 26 27 8 28 29 22 9 19  | 33 | 90.9091%
8
13 11 5 3 1 17 20 21 23 15 14 2 10 12 7 16 6 18 4 24 25 26 27 8 28 29 22 9 19  | 33 | 90.9091%
9
8 5 23 24 29 27 22 10 16 3 18 28 4 26 15 12 1 20 19 9 11 14 6 25 7 21 13 17 2  | 33 | 90.9091%
10
10
10
10
4 16 2 5 26 15 12 14 6 11 18 21 25 8 9 1 23 20 29 13 19 3 24 7 27 17 28 10 22  | 32 | 93.75%
11
2 20 13 11 3 6 7 26 18 25 29 8 15 17 21 23 19 24 22 5 10 12 1 14 9 28 16 27 4  | 32 | 93.75%
12
12
4 16 2 5 26 15 12 14 6 11 18 21 25 8 9 1 23 20 29 13 19 3 24 7 27 17 28 10 22  | 32 | 93.75%
13
4 16 2 5 26 15 12 14 6 11 18 21 25 8 9 1 23 20 29 13 19 3 24 7 27 17 28 10 22  | 32 | 93.75%
14
14
14
14
2 20 13 11 3 6 7 26 18 25 29 8 15 17 21 23 19 24 22 5 10 12 1 14 9 28 16 27 4  | 32 | 93.75%
15
2 20 13 11 3 6 7 26 18 25 29 8 15 17 21 23 19 24 22 5 10 12 1 14 9 28 16 27 4  | 32 | 93.75%
16
16
16
2 20 13 11 3 6 7 26 18 25 29 8 15 17 21 23 19 24 22 5 10 12 1 14 9 28 16 27 4  | 32 | 93.75%
17
2 20 13 11 3 6 7 26 18 25 29 8 15 17 21 23 19 24 22 5 10 12 1 14 9 28 16 27 4  | 32 | 93.75%
18
18
18
4 16 2 5 26 15 12 14 6 11 18 21 25 8 9 1 23 20 29 13 19 3 24 7 27 17 28 10 22  | 32 | 93.75%
19
4 16 2 5 26 15 12 14 6 11 18 21 25 8 9 1 23 20 29 13 19 3 24 7 27 17 28 10 22  | 32 | 93.75%
20
20
20
20
20
20
25 15 21 11 4 1 27 9 24 3 7 12 5 10 13 18 14 29 20 23 28 8 2 17 16 19 6 22 26  | 32 | 93.75%
21
2 20 13 11 3 6 7 26 18 25 29 8 15 17 21 23 19 24 22 5 10 12 1 14 9 28 16 27 4  | 32 | 93.75%
22
2 20 13 11 3 6 7 26 18 25 29 8 15 17 21 23 19 24 22 5 10 12 1 14 9 28 16 27 4  | 32 | 93.75%
2 20 13 11 3 6 7 26 18 25 29 8 15 17 21 23 19 24 22 5 10 12 1 14 9 28 16 27 4  | 32 | 93.75%
24
2 17 16 19 6 22 26 25 15 21 11 4 28 12 13 27 3 1 7 29 10 18 9 24 5 20 14 8 23  | 32 | 93.75%
25
25 15 21 11 4 1 27 9 24 3 7 12 5 10 13 18 14 29 20 23 28 8 2 17 16 19 6 22 26  | 32 | 93.75%
26
26
26
26 1 23 16 25 24 4 6 27 13 29 3 12 20 11 22 7 15 10 2 14 17 9 19 21 28 8 18 5  | 32 | 93.75%
27
27
27
4 16 2 5 26 15 12 14 6 11 18 21 25 8 9 1 23 20 29 13 19 3 24 7 27 17 28 10 22  | 32 | 93.75%
28
4 16 2 5 26 15 12 14 6 11 18 21 25 8 9 1 23 20 29 13 19 3 24 7 27 17 28 10 22  | 32 | 93.75%
29
29
29
4 16 2 5 26 15 12 14 6 11 18 21 25 8 9 1 23 20 29 13 19 3 24 7 27 17 28 10 22  | 32 | 93.75%
30
4 16 2 5 26 15 12 14 6 11 18 21 25 8 9 1 23 20 29 13 19 3 24 7 27 17 28 10 22  | 32 | 93.75%
31
31
31
31
24 4 6 27 13 29 3 12 20 11 22 7 15 10 2 19 9 14 17 21 28 8 18 5 26 1 23 16 25  | 32 | 93.75%
32
32
24 4 6 27 13 29 3 12 20 11 22 7 15 10 2 19 9 14 17 21 28 8 18 5 26 1 23 16 25  | 32 | 93.75%
33
26 1 23 16 25 24 4 6 27 13 29 3 12 20 11 22 7 15 10 2 14 17 19 21 9 28 8 18 5  | 32 | 93.75%
34
24 4 6 27 13 29 3 12 20 11 22 7 15 10 2 19 9 14 17 21 28 8 18 5 26 1 23 16 25  | 32 | 93.75%
35
35
35
35
23 16 25 24 4 6 27 13 29 3 12 20 11 22 7 15 10 2 14 17 18 21 9 5 8 19 28 26 1  | 32 | 93.75%
36
36
36
36
23 16 25 24 4 6 27 13 29 3 12 20 11 22 7 15 10 17 2 5 18 8 21 9 14 28 19 26 1  | 32 | 93.75%
37
37
23 16 25 24 4 6 27 13 29 3 12 20 11 22 7 15 10 17 2 5 18 8 21 9 14 28 19 26 1  | 32 | 93.75%
38
2 20 13 11 3 6 7 26 18 25 29 8 15 17 21 23 19 24 22 5 10 12 1 14 9 28 16 27 4  | 32 | 93.75%
39
23 16 25 24 4 6 27 13 29 3 12 20 11 22 7 15 10 2 14 17 18 21 9 5 8 19 28 26 1  | 32 | 93.75%
40
23 16 25 24 4 6 27 13 29 3 12 20 11 22 7 15 10 2 14 17 18 21 9 5 8 19 28 26 1  | 32 | 93.75%
41
41
2 20 13 11 3 6 7 26 18 25 29 8 15 17 21 23 19 24 22 5 10 12 1 14 9 28 16 27 4  | 32 | 93.75%
42
42
42
42
23 16 25 24 4 6 27 13 29 3 12 20 11 22 7 15 10 17 2 5 18 21 8 9 14 28 19 26 1  | 32 | 93.75%
43
2 20 13 11 3 6 7 26 18 25 29 8 15 17 21 23 19 24 22 5 10 12 1 14 9 28 16 27 4  | 32 | 93.75%
44
2 20 13 11 3 6 7 26 18 25 29 8 15 17 21 23 19 24 22 5 10 12 1 14 9 28 16 27 4  | 32 | 93.75%
45
2 20 13 11 3 6 7 26 18 25 29 8 15 17 21 23 19 24 22 5 10 12 1 14 9 28 16 27 4  | 32 | 93.75%
46
46
7 5 8 11 1 23 16 15 10 17 25 22 3 4 6 12 2 9 14 13 21 18 19 29 20 28 27 24 26  | 32 | 93.75%
47
23 16 25 24 4 6 27 13 29 3 12 20 11 22 7 15 10 2 14 17 18 21 9 5 8 19 28 26 1  | 32 | 93.75%
48
48
7 5 8 11 1 23 16 15 10 17 25 22 3 4 6 12 2 9 14 13 21 18 19 29 20 28 27 24 26  | 32 | 93.75%
49
49
23 16 25 24 4 6 27 13 29 3 12 20 11 22 7 15 10 2 14 17 18 21 9 5 8 19 28 26 1  | 32 | 93.75%
50
50
23 16 25 24 4 6 27 13 29 3 12 20 11 22 7 15 10 2 14 17 18 21 9 5 8 19 28 26 1  | 32 | 93.75%
51
23 16 25 24 4 6 27 13 29 3 12 20 11 22 7 15 10 2 14 17 18 21 9 5 8 19 28 26 1  | 32 | 93.75%
52
24 4 6 27 13 29 3 12 20 11 22 7 15 10 2 19 9 14 17 21 28 8 18 5 26 1 23 16 25  | 32 | 93.75%
53
24 4 6 27 13 29 3 12 20 11 22 7 15 10 2 19 9 14 17 21 28 8 18 5 26 1 23 16 25  | 32 | 93.75%
54
54
23 16 25 24 4 6 27 13 29 3 12 20 11 22 7 15 10 2 14 17 18 21 9 5 8 19 28 26 1  | 32 | 93.75%
55
24 4 6 27 13 29 3 12 20 11 22 7 15 10 2 19 9 14 17 21 28 8 18 5 26 1 23 16 25  | 32 | 93.75%
56
56
24 4 6 27 13 29 3 12 20 11 22 7 15 10 2 19 9 14 17 21 28 8 18 5 26 1 23 16 25  | 32 | 93.75%
24 4 6 27 13 29 3 12 20 11 22 7 15 10 2 19 9 14 17 21 28 8 18 5 26 1 23 16 25  | 32 | 93.75%
58
58
24 4 6 27 13 29 3 12 20 11 22 7 15 10 2 19 9 14 17 21 28 8 18 5 26 1 23 16 25  | 32 | 93.75%
59
23 16 25 24 4 6 27 13 29 3 12 20 11 22 7 15 10 2 14 17 18 21 9 5 8 19 28 26 1  | 32 | 93.75%
60
23 16 25 24 4 6 27 13 29 3 12 20 11 22 7 15 10 2 14 17 18 21 9 5 8 19 28 26 1  | 32 | 93.75%
23 16 25 24 4 6 27 13 29 3 12 20 11 22 7 15 10 2 14 17 18 21 9 5 8 19 28 26 1  | 32 | 93.75%
62
62
62
62
23 16 25 24 4 6 27 13 29 3 12 20 11 22 7 15 10 2 14 17 18 21 9 5 8 19 28 26 1  | 32 | 93.75%
63
23 16 25 24 4 6 27 13 29 3 12 20 11 22 7 15 10 2 14 17 18 21 9 5 8 19 28 26 1  | 32 | 93.75%
64
7 5 8 11 1 23 16 15 10 17 25 22 3 4 6 12 2 9 14 13 21 18 19 29 20 28 27 24 26  | 32 | 93.75%
65
65
65
2 20 13 11 3 6 7 26 18 25 29 8 15 17 21 23 19 24 22 5 10 12 1 14 9 28 16 27 4  | 32 | 93.75%
66
24 4 6 27 13 29 3 12 20 11 22 7 15 10 2 19 9 14 17 21 28 8 18 5 26 1 23 16 25  | 32 | 93.75%
67
67
24 12 13 23 8 6 3 20 2 15 11 10 18 16 1 21 9 25 28 5 26 22 17 7 19 27 14 29 4  | 32 | 93.75%
68
68
68
23 16 25 24 4 6 27 13 29 3 12 20 11 22 7 15 10 17 2 5 18 8 21 9 14 28 19 26 1  | 32 | 93.75%
69
69
69
69
23 16 25 24 4 6 27 13 29 3 12 20 11 22 7 15 10 17 2 5 18 8 21 9 14 28 19 26 1  | 32 | 93.75%
70
24 12 13 23 8 6 3 20 2 15 11 10 18 16 1 21 9 25 28 5 26 22 17 7 19 27 14 29 4  | 32 | 93.75%
71
71
24 16 22 28 2 1 19 3 18 12 7 10 21 8 4 29 17 20 25 5 11 6 13 9 27 23 14 26 15  | 32 | 93.75%
72
23 16 25 24 4 6 27 13 29 3 12 20 11 22 7 15 10 2 14 17 18 21 9 5 8 19 28 26 1  | 32 | 93.75%
23 16 25 24 4 6 27 13 29 3 12 20 11 22 7 15 10 2 14 17 18 21 9 5 8 19 28 26 1  | 32 | 93.75%
23 16 25 24 4 6 27 13 29 3 12 20 11 22 7 15 10 2 14 17 18 21 9 5 8 19 28 26 1  | 32 | 93.75%
75
24 16 22 28 2 1 19 3 18 12 7 10 21 8 4 29 17 20 25 5 11 6 13 9 27 23 14 26 15  | 32 | 93.75%
76
24 16 22 28 2 1 19 3 18 12 7 10 21 8 4 29 17 20 25 5 11 6 13 9 27 23 14 26 15  | 32 | 93.75%
77
77
77
77
23 16 25 24 4 6 27 13 29 3 12 20 11 22 7 15 10 17 2 5 18 8 21 9 14 28 19 26 1  | 32 | 93.75%
78
24 12 13 23 8 6 3 20 2 15 11 10 18 16 1 21 9 25 28 5 26 22 17 7 19 27 14 29 4  | 32 | 93.75%
24 12 13 23 8 6 3 20 2 15 11 10 18 16 1 21 9 25 28 5 26 22 17 7 19 27 14 29 4  | 32 | 93.75%
24 12 13 23 8 6 3 20 2 15 11 10 18 16 1 21 9 25 28 5 26 22 17 7 19 27 14 29 4  | 32 | 93.75%
81
23 16 25 24 4 6 27 13 29 3 12 20 11 22 7 15 10 17 2 5 18 8 21 9 14 28 19 26 1  | 32 | 93.75%
23 16 25 24 4 6 27 13 29 3 12 20 11 22 7 15 10 17 2 5 18 8 21 9 14 28 19 26 1  | 32 | 93.75%
23 16 25 24 4 6 27 13 29 3 12 20 11 22 7 15 10 17 2 5 18 8 21 9 14 28 19 26 1  | 32 | 93.75%
84
84
24 12 13 23 8 6 3 20 2 15 11 10 18 16 1 21 9 25 28 5 26 22 17 7 19 27 14 29 4  | 32 | 93.75%
85
85
23 16 25 24 4 6 27 13 29 3 12 20 11 22 7 15 10 17 2 5 18 8 21 9 14 28 19 26 1  | 32 | 93.75%
86
23 16 25 24 4 6 27 13 29 3 12 20 11 22 7 15 10 17 2 5 18 8 21 9 14 28 19 26 1  | 32 | 93.75%
87
87
23 16 25 24 4 6 27 13 29 3 12 20 11 22 7 15 10 2 14 17 18 21 9 5 8 19 28 26 1  | 32 | 93.75%
88
88
23 16 25 24 4 6 27 13 29 3 12 20 11 22 7 15 10 2 14 17 18 21 9 5 8 19 28 26 1  | 32 | 93.75%
89
23 16 25 24 4 6 27 13 29 3 12 20 11 22 7 15 10 2 14 17 18 21 9 5 8 19 28 26 1  | 32 | 93.75%
90
23 16 25 24 4 6 27 13 29 3 12 20 11 22 7 15 10 17 2 5 18 8 21 9 14 28 19 26 1  | 32 | 93.75%
91
23 16 25 24 4 6 27 13 29 3 12 20 11 22 7 15 10 2 14 17 18 21 9 5 8 19 28 26 1  | 32 | 93.75%
92
92
23 16 25 24 4 6 27 13 29 3 12 20 11 22 7 15 10 2 14 17 18 21 9 5 8 19 28 26 1  | 32 | 93.75%
93
93
93
93
24 12 13 23 8 6 3 20 2 15 11 10 18 16 1 21 9 25 28 5 26 22 17 7 19 27 14 29 4  | 32 | 93.75%
94
94
24 16 22 28 2 1 19 3 18 12 7 10 21 8 4 29 17 20 25 5 11 6 13 9 27 23 14 26 15  | 32 | 93.75%
95
95
95
24 4 6 27 13 29 3 12 20 11 22 7 15 10 2 14 17 18 21 5 28 19 26 8 9 1 23 16 25  | 32 | 93.75%
96
96
96
24 4 6 27 13 29 3 12 20 11 22 7 15 10 2 14 17 18 21 5 28 19 26 8 9 1 23 16 25  | 32 | 93.75%
97
97
23 16 25 24 4 6 27 13 29 3 12 20 11 22 7 15 10 2 14 17 18 21 9 5 8 19 28 26 1  | 32 | 93.75%
23 16 25 24 4 6 27 13 29 3 12 20 11 22 7 15 10 2 14 17 18 21 9 5 8 19 28 26 1  | 32 | 93.75%
99
24 4 6 27 13 29 3 12 20 11 22 7 15 10 2 14 17 18 21 5 28 19 26 8 9 1 23 16 25  | 32 | 93.75%
24 4 6 27 13 29 3 12 20 11 22 7 15 10 2 14 17 18 21 5 28 19 26 8 9 1 23 16 25  | 32 | 93.75%

real	0m20.815s
user	0m20.682s
sys	0m0.130s
Using input file: inputs/HT08.csv

real	0m21.659s
user	0m21.582s
sys	0m0.073s
