Using input file: inputs/HT09.csv
1
2
3
4
5
la
25 16 27 18 11 22 6 26 24 17 8 5 15 13 28 7 3 14 10 20 1 19 2 21 4 12 9 23  | 33 | 90.9091%
1
1
1
1
1
19 8 5 18 6 15 27 13 10 22 1 16 17 12 26 11 14 4 21 3 23 7 28 2 24 9 20 25  | 33 | 90.9091%
19 8 5 18 6 15 27 13 10 22 1 16 17 12 26 11 14 4 21 3 23 7 28 2 24 9 20 25  | 33 | 90.9091%
3
3
3
3
17 4 28 11 2 3 5 15 14 7 19 12 21 20 9 1 24 6 13 10 22 23 26 25 16 27 18 8  | 33 | 90.9091%
4
17 4 28 11 2 3 5 15 14 7 19 12 21 20 9 1 24 6 13 10 22 23 26 25 16 27 18 8  | 33 | 90.9091%
5
5
19 8 5 18 6 15 27 13 10 22 1 16 17 12 26 11 14 4 21 3 23 7 28 2 24 9 20 25  | 33 | 90.9091%
6
6
6
6
18 15 1 7 3 24 6 20 12 19 2 28 9 23 14 10 11 13 4 8 5 22 21 17 26 25 16 27  | 33 | 90.9091%
7
9 18 28 27 10 3 13 26 15 23 11 25 1 22 6 12 17 5 19 14 4 20 2 8 21 7 24 16  | 33 | 90.9091%
8
8
6 12 5 17 22 14 4 3 16 27 1 2 13 23 26 20 19 18 7 28 21 10 15 9 8 25 24 11  | 33 | 90.9091%
6 12 5 17 22 14 4 3 16 27 1 2 13 23 26 20 19 18 7 28 21 10 15 9 8 25 24 11  | 33 | 90.9091%
10
10
9 7 16 11 1 8 13 26 28 22 21 14 4 15 17 24 19 5 25 12 18 20 6 3 27 23 10 2  | 33 | 90.9091%
11
7 23 21 8 4 24 13 11 27 3 1 20 10 18 26 22 5 19 16 14 17 6 28 12 25 15 9 2  | 33 | 90.9091%
12
12
12
12
14 18 17 22 23 24 5 8 3 1 25 2 7 11 4 20 19 15 9 28 13 12 21 16 10 26 6 27  | 33 | 90.9091%
13
19 7 23 13 12 28 14 16 27 6 26 3 18 4 9 22 24 11 10 5 17 21 1 8 15 25 20 2  | 33 | 90.9091%
14
19 7 23 13 12 28 14 16 27 6 26 3 18 4 9 22 24 11 10 5 17 21 1 8 15 25 20 2  | 33 | 90.9091%
15
15
14 25 6 9 2 23 18 24 8 15 10 5 7 1 11 3 19 4 22 12 16 21 13 26 20 28 17 27  | 33 | 90.9091%
16
16
3 1 25 2 7 23 4 20 19 15 9 28 13 12 21 6 10 14 26 24 16 18 17 27 5 11 22 8  | 33 | 90.9091%
17
17
14 25 6 9 2 23 18 24 8 15 10 5 7 1 3 4 11 19 22 12 16 21 13 26 20 28 17 27  | 33 | 90.9091%
18
18
18
18
18
19 7 23 13 12 28 14 16 27 6 26 3 18 4 9 22 24 11 10 5 17 21 1 8 15 25 20 2  | 33 | 90.9091%
19
19
27 1 6 4 3 7 11 12 17 16 24 14 19 5 8 2 13 18 20 22 28 21 15 23 25 9 26 10  | 33 | 90.9091%
20
20
20
20
14 12 27 22 20 9 13 16 6 2 19 1 7 3 4 11 5 25 15 26 23 18 24 8 21 10 28 17  | 33 | 90.9091%
21
2 18 24 7 4 25 16 3 17 14 10 26 21 27 23 19 13 6 20 22 28 12 15 8 1 5 11 9  | 33 | 90.9091%
22
2 18 24 7 4 25 16 3 17 14 10 26 21 27 23 19 13 6 20 22 28 12 15 8 1 5 11 9  | 33 | 90.9091%
2 18 24 7 4 25 16 3 17 14 10 26 21 27 23 19 13 6 20 22 28 12 15 8 1 5 11 9  | 33 | 90.9091%
24
24
3 1 25 2 7 23 4 20 19 15 9 28 13 12 21 6 10 14 26 24 16 18 17 27 5 11 22 8  | 33 | 90.9091%
25
25
25
25
25 19 15 9 28 18 6 10 5 8 26 12 21 4 13 14 27 16 24 17 22 23 11 20 2 7 3 1  | 33 | 90.9091%
26
26
13 27 7 20 15 14 4 18 11 9 21 2 16 28 5 8 12 23 24 19 1 3 10 26 6 25 22 17  | 32 | 93.75%
13 27 7 20 15 14 4 18 11 9 21 2 16 28 5 8 12 23 24 19 1 3 10 26 6 25 22 17  | 32 | 93.75%
28
13 27 7 20 15 14 4 18 11 9 21 2 16 28 5 8 12 23 24 19 1 3 10 26 6 25 22 17  | 32 | 93.75%
29
13 27 7 20 15 14 4 18 11 9 21 2 16 28 5 8 12 23 24 19 1 3 10 26 6 25 22 17  | 32 | 93.75%
30
30
13 27 7 20 15 14 4 18 11 9 21 2 16 28 5 8 12 23 24 19 1 3 10 26 6 25 22 17  | 32 | 93.75%
31
31
13 27 7 20 15 14 4 18 11 9 21 2 16 28 5 8 12 23 24 19 1 3 10 26 6 25 22 17  | 32 | 93.75%
32
13 27 7 20 15 14 4 18 11 9 21 2 16 28 5 8 12 23 24 19 1 3 10 26 6 25 22 17  | 32 | 93.75%
33
33
13 27 7 20 15 14 4 18 11 9 21 2 16 28 5 8 12 23 24 19 1 3 10 26 6 25 22 17  | 32 | 93.75%
34
34
34
13 27 7 20 15 14 4 18 11 9 21 2 16 28 5 8 12 23 24 19 1 3 10 26 6 25 22 17  | 32 | 93.75%
35
13 27 7 20 15 14 4 18 11 9 21 2 16 28 5 8 12 23 24 19 1 3 10 26 6 25 22 17  | 32 | 93.75%
36
36
36
13 27 7 20 15 14 4 18 11 9 21 2 16 28 5 8 12 23 24 19 1 3 10 26 6 25 22 17  | 32 | 93.75%
13 27 7 20 15 14 4 18 11 9 21 2 16 28 5 8 12 23 24 19 1 3 10 26 6 25 22 17  | 32 | 93.75%
38
13 27 7 20 15 14 4 18 11 9 21 2 16 28 5 8 12 23 24 19 1 3 10 26 6 25 22 17  | 32 | 93.75%
39
13 27 7 20 15 14 4 18 11 9 21 2 16 28 5 8 12 23 24 19 1 3 10 26 6 25 22 17  | 32 | 93.75%
40
13 27 7 20 15 14 4 18 11 9 21 2 16 28 5 8 12 23 24 19 1 3 10 26 6 25 22 17  | 32 | 93.75%
13 27 7 20 15 14 4 18 11 9 21 2 16 28 5 8 12 23 24 19 1 3 10 26 6 25 22 17  | 32 | 93.75%
42
13 27 7 20 15 14 4 18 11 9 21 2 16 28 5 8 12 23 24 19 1 3 10 26 6 25 22 17  | 32 | 93.75%
43
13 27 7 20 15 14 4 18 11 9 21 2 16 28 5 8 12 23 24 19 1 3 10 26 6 25 22 17  | 32 | 93.75%
44
44
44
18 14 12 13 3 2 5 4 11 19 27 21 15 25 16 28 7 22 17 1 26 20 23 6 9 10 24 8  | 32 | 93.75%
45
13 27 7 20 15 14 4 18 11 9 21 2 16 28 5 8 12 23 24 19 1 3 10 26 6 25 22 17  | 32 | 93.75%
46
46
18 14 12 13 3 2 5 4 11 19 27 21 15 25 16 28 7 22 17 1 26 20 23 6 9 10 24 8  | 32 | 93.75%
18 14 12 13 3 2 5 4 11 19 27 21 15 25 16 28 7 22 17 1 26 20 23 6 9 10 24 8  | 32 | 93.75%
48
48
13 27 7 20 15 14 4 18 11 9 21 2 16 28 5 8 12 23 24 19 1 3 10 26 6 25 22 17  | 32 | 93.75%
49
13 27 7 20 15 14 4 18 11 9 21 2 16 28 5 8 12 23 24 19 1 3 10 26 6 25 22 17  | 32 | 93.75%
50
18 14 12 13 3 2 5 4 11 19 27 21 15 25 16 28 7 22 17 1 26 20 23 6 9 10 24 8  | 32 | 93.75%
51
51
51
51
18 14 12 13 3 2 5 4 11 19 27 21 15 25 16 28 7 22 17 1 26 20 23 6 9 10 24 8  | 32 | 93.75%
52
52
52
52
52
18 14 12 13 3 2 5 4 11 19 27 21 15 25 16 28 7 22 17 1 26 20 23 6 9 10 24 8  | 32 | 93.75%
53
18 14 12 13 3 2 5 4 11 19 27 21 15 25 16 28 7 22 17 1 26 20 23 6 9 10 24 8  | 32 | 93.75%
54
54
13 27 7 20 15 14 4 18 11 9 21 2 16 28 5 8 12 23 24 19 1 3 10 26 6 25 22 17  | 32 | 93.75%
13 27 7 20 15 14 4 18 11 9 21 2 16 28 5 8 12 23 24 19 1 3 10 26 6 25 22 17  | 32 | 93.75%
56
56
56
13 27 7 20 15 14 4 18 11 9 21 2 16 28 5 8 12 23 24 19 1 3 10 26 6 25 22 17  | 32 | 93.75%
13 27 7 20 15 14 4 18 11 9 21 2 16 28 5 8 12 23 24 19 1 3 10 26 6 25 22 17  | 32 | 93.75%
58
4 11 10 5 1 7 14 25 16 9 8 17 19 21 2 12 13 3 18 22 15 6 24 26 27 28 20 23  | 32 | 93.75%
59
59
59
4 11 10 5 1 7 14 25 16 9 8 17 19 21 2 12 13 3 18 22 15 6 24 26 27 28 20 23  | 32 | 93.75%
60
4 11 10 5 1 7 14 25 16 9 8 17 19 21 2 12 13 3 18 22 15 6 24 26 27 28 20 23  | 32 | 93.75%
4 11 10 5 1 7 14 25 16 9 8 17 19 21 2 12 13 3 18 22 15 6 24 26 27 28 20 23  | 32 | 93.75%
4 11 10 5 1 7 14 25 16 9 8 17 19 21 2 12 13 3 18 22 15 6 24 26 27 28 20 23  | 32 | 93.75%
63
4 11 10 5 1 7 14 25 16 9 8 17 19 21 2 12 13 3 18 22 15 6 24 26 27 28 20 23  | 32 | 93.75%
64
13 27 7 20 15 14 4 18 11 9 21 2 16 28 5 8 12 23 24 19 1 3 10 26 6 25 22 17  | 32 | 93.75%
65
65
65
65
65
18 14 12 13 3 2 5 4 11 19 27 21 15 25 16 28 7 22 17 1 26 20 23 6 9 10 24 8  | 32 | 93.75%
66
66
13 27 7 20 15 14 4 18 11 9 21 2 16 28 5 8 12 23 24 19 1 3 10 26 6 25 22 17  | 32 | 93.75%
67
18 14 12 13 3 2 5 4 11 19 27 21 15 25 16 28 7 22 17 1 26 20 23 6 9 10 24 8  | 32 | 93.75%
68
68
68
4 11 10 5 1 7 14 25 16 9 8 17 19 21 2 12 13 3 18 22 15 6 24 26 27 28 20 23  | 32 | 93.75%
4 11 10 5 1 7 14 25 16 9 8 17 19 21 2 12 13 3 18 22 15 6 24 26 27 28 20 23  | 32 | 93.75%
70
13 27 7 20 15 14 4 18 11 9 21 2 16 28 5 8 12 23 24 19 1 3 10 26 6 25 22 17  | 32 | 93.75%
13 27 7 20 15 14 4 18 11 9 21 2 16 28 5 8 12 23 24 19 1 3 10 26 6 25 22 17  | 32 | 93.75%
72
4 11 10 5 1 7 14 25 16 9 8 17 19 21 2 12 13 3 18 22 15 6 24 26 27 28 20 23  | 32 | 93.75%
73
18 14 12 13 3 2 5 4 11 19 27 21 15 25 16 28 7 22 17 1 26 20 23 6 9 10 24 8  | 32 | 93.75%
74
13 27 7 20 15 14 4 18 11 9 21 2 16 28 5 8 12 23 24 19 1 3 10 26 6 25 22 17  | 32 | 93.75%
75
18 14 12 13 3 2 5 4 11 19 27 21 15 25 16 28 7 22 17 1 26 20 23 6 9 10 24 8  | 32 | 93.75%
76
76
13 27 7 20 15 14 4 18 11 9 21 2 16 28 5 8 12 23 24 19 1 3 10 26 6 25 22 17  | 32 | 93.75%
77
18 14 12 13 3 2 5 4 11 19 27 21 15 25 16 28 7 22 17 1 26 20 23 6 9 10 24 8  | 32 | 93.75%
18 14 12 13 3 2 5 4 11 19 27 21 15 25 16 28 7 22 17 1 26 20 23 6 9 10 24 8  | 32 | 93.75%
18 14 12 13 3 2 5 4 11 19 27 21 15 25 16 28 7 22 17 1 26 20 23 6 9 10 24 8  | 32 | 93.75%
80
80
18 14 12 13 3 2 5 4 11 19 27 21 15 25 16 28 7 22 17 1 26 20 23 6 9 10 24 8  | 32 | 93.75%
81
18 14 12 13 3 2 5 4 11 19 27 21 15 25 16 28 7 22 17 1 26 20 23 6 9 10 24 8  | 32 | 93.75%
82
9 5 14 12 20 22 6 8 1 7 18 26 11 27 2 16 19 13 24 17 28 23 4 3 21 15 25 10  | 32 | 93.75%
9 5 14 12 20 22 6 8 1 7 18 26 11 27 2 16 19 13 24 17 28 23 4 3 21 15 25 10  | 32 | 93.75%
84
84
18 14 12 13 3 2 5 4 11 19 27 21 15 25 16 28 7 22 17 1 26 20 23 6 9 10 24 8  | 32 | 93.75%
85
9 5 14 12 20 22 6 8 1 7 18 26 11 27 2 16 19 13 24 17 28 23 4 3 21 15 25 10  | 32 | 93.75%
86
9 5 14 12 20 22 6 8 1 7 18 26 11 27 2 16 19 13 24 17 28 23 4 3 21 15 25 10  | 32 | 93.75%
9 5 14 12 20 22 6 8 1 7 18 26 11 27 2 16 19 13 24 17 28 23 4 3 21 15 25 10  | 32 | 93.75%
88
88
18 14 12 13 3 2 5 4 11 19 27 21 15 25 16 28 7 22 17 1 26 20 23 6 9 10 24 8  | 32 | 93.75%
18 14 12 13 3 2 5 4 11 19 27 21 15 25 16 28 7 22 17 1 26 20 23 6 9 10 24 8  | 32 | 93.75%
90
90
90
90
4 11 10 5 1 7 14 25 16 9 8 17 19 21 2 12 13 3 18 22 15 6 24 26 27 28 20 23  | 32 | 93.75%
91
91
91
91
13 27 7 20 15 14 4 18 11 9 21 2 16 28 5 8 12 23 24 19 1 3 10 26 6 25 22 17  | 32 | 93.75%
92
18 14 12 13 3 2 5 4 11 19 27 21 15 25 16 28 7 22 17 1 26 20 23 6 9 10 24 8  | 32 | 93.75%
93
18 14 12 13 3 2 5 4 11 19 27 21 15 25 16 28 7 22 17 1 26 20 23 6 9 10 24 8  | 32 | 93.75%
94
94
9 5 14 12 20 22 6 8 1 7 18 26 11 27 2 16 19 13 24 17 28 23 4 3 21 15 25 10  | 32 | 93.75%
95
95
95
95
4 11 10 5 1 7 14 25 16 9 8 17 19 21 2 12 13 3 18 22 15 6 24 26 27 28 20 23  | 32 | 93.75%
96
96
96
4 11 10 5 1 7 14 25 16 9 8 17 19 21 2 12 13 3 18 22 15 6 24 26 27 28 20 23  | 32 | 93.75%
97
13 27 7 20 15 14 4 18 11 9 21 2 16 28 5 8 12 23 24 19 1 3 10 26 6 25 22 17  | 32 | 93.75%
98
4 11 10 5 1 7 14 25 16 9 8 17 19 21 2 12 13 3 18 22 15 6 24 26 27 28 20 23  | 32 | 93.75%
4 11 10 5 1 7 14 25 16 9 8 17 19 21 2 12 13 3 18 22 15 6 24 26 27 28 20 23  | 32 | 93.75%
4 11 10 5 1 7 14 25 16 9 8 17 19 21 2 12 13 3 18 22 15 6 24 26 27 28 20 23  | 32 | 93.75%

real	0m20.967s
user	0m20.855s
sys	0m0.097s
Using input file: inputs/HT09.csv

real	0m21.684s
user	0m21.565s
sys	0m0.113s
